import matplotlib.pyplot as plt # edge_features, not filter, 1 1 -1, 09dataset
#折线图
cnt=[0,1,2,3,4,5,6,7,8,9,10,11,12,]#点的横坐标
x_g=[89.8336,89.8336,89.8336,89.8336,89.8336,89.8336,89.8336,89.8336,89.8336,89.8336,89.8336,89.8336,89.8336,]
y_g=[0.262581,0.262581,0.262581,0.262581,0.262581,0.262581,0.262581,0.262581,0.262581,0.262581,0.262581,0.262581,0.262581,]
z_g=[89.3459,89.3459,89.3459,89.3459,89.3459,89.3459,89.3459,89.3459,89.3459,89.3459,89.3459,89.3459,89.3459,]
x_c=[90.6149,90.933,90.9347,90.9709,91.1502,91.3505,91.5928,91.5076,91.4676,90.9209,90.9193,90.799,90.781,]
y_c=[-0.367301,-0.513811,-0.415881,-0.634568,-0.575406,-0.556421,-0.40002,-0.798942,-0.798392,-1.33169,-1.57163,-1.61105,-1.61494,]
z_c=[89.149,89.032,89.09,89.0104,89.0481,89.2101,89.2521,89.2918,89.2511,89.4988,89.6987,89.7173,89.6727,]
plt.plot(cnt,x_c,'s-',color = 'r',label="x_calib")#s-:方形
plt.plot(cnt,y_c,'o-',color = 'r',label="y_calib")#o-:圆形
plt.plot(cnt,z_c,'^-',color = 'r',label="z_calib")#o-:正三角
plt.plot(cnt,x_g,'s-',color = 'g',label="x_gt")#s-:方形
plt.plot(cnt,y_g,'o-',color = 'g',label="y_gt")#o-:圆形
plt.plot(cnt,z_g,'^-',color = 'g',label="z_gt")#o-:正三角
plt.xlabel("Count")#横坐标名字
plt.ylabel("Angle(degree)")#纵坐标名字
plt.legend(loc = "best")#图例
plt.show()

import matplotlib.pyplot as plt # line_features, not filter, 1 1 -1, 09dataset
#折线图
cnt=[0,1,2,3,4,5,6,7,8,9,10,11,12,]
x_g=[89.8336,89.8336,89.8336,89.8336,89.8336,89.8336,89.8336,89.8336,89.8336,89.8336,89.8336,89.8336,89.8336,]
y_g=[0.262581,0.262581,0.262581,0.262581,0.262581,0.262581,0.262581,0.262581,0.262581,0.262581,0.262581,0.262581,0.262581,]
z_g=[89.3459,89.3459,89.3459,89.3459,89.3459,89.3459,89.3459,89.3459,89.3459,89.3459,89.3459,89.3459,89.3459,]
x_c=[88.6317,88.7916,88.8319,88.9133,90.3703,90.4683,90.1916,90.2433,90.6942,90.6124,90.5054,90.3509,90.5188,]
y_c=[-0.718485,-0.700148,-0.660307,-0.940034,-0.0940944,0.368008,0.108488,-0.150871,-0.463783,-1.38558,-0.900169,0.0865797,0.238148,]
z_c=[90.1699,89.8518,90.0122,90.3732,90.1994,89.7992,88.621,88.5811,88.5222,88.6481,87.785,87.0641,86.9836,]
plt.plot(cnt,x_c,'s-',color = 'r',label="x_calib")#s-:方形
plt.plot(cnt,y_c,'o-',color = 'r',label="y_calib")#o-:圆形
plt.plot(cnt,z_c,'^-',color = 'r',label="z_calib")#o-:正三角
plt.plot(cnt,x_g,'s-',color = 'g',label="x_gt")#s-:方形
plt.plot(cnt,y_g,'o-',color = 'g',label="y_gt")#o-:圆形
plt.plot(cnt,z_g,'^-',color = 'g',label="z_gt")#o-:正三角
plt.xlabel("Count")#横坐标名字
plt.ylabel("Angle(degree)")#纵坐标名字
plt.legend(loc = "best")#图例
plt.show()


import matplotlib.pyplot as plt # line_features, not filter, 1 1 -1, 09dataset big
cnt=[0,1,2,3,4,5,6,7,8,9,10,11,12,13,14,15,16,17,18,19,20,21,22,23,24,25,26,27,28,29,30,31,32,33,34,35,36,37,38,39,40,41,42,43,44,45,46,47,48,49,50,51,52,53,54,55,56,57,58,59,60,61,62,]
x_g=[89.8336,89.8336,89.8336,89.8336,89.8336,89.8336,89.8336,89.8336,89.8336,89.8336,89.8336,89.8336,89.8336,89.8336,89.8336,89.8336,89.8336,89.8336,89.8336,89.8336,89.8336,89.8336,89.8336,89.8336,89.8336,89.8336,89.8336,89.8336,89.8336,89.8336,89.8336,89.8336,89.8336,89.8336,89.8336,89.8336,89.8336,89.8336,89.8336,89.8336,89.8336,89.8336,89.8336,89.8336,89.8336,89.8336,89.8336,89.8336,89.8336,89.8336,89.8336,89.8336,89.8336,89.8336,89.8336,89.8336,89.8336,89.8336,89.8336,89.8336,89.8336,89.8336,89.8336,]
y_g=[0.262581,0.262581,0.262581,0.262581,0.262581,0.262581,0.262581,0.262581,0.262581,0.262581,0.262581,0.262581,0.262581,0.262581,0.262581,0.262581,0.262581,0.262581,0.262581,0.262581,0.262581,0.262581,0.262581,0.262581,0.262581,0.262581,0.262581,0.262581,0.262581,0.262581,0.262581,0.262581,0.262581,0.262581,0.262581,0.262581,0.262581,0.262581,0.262581,0.262581,0.262581,0.262581,0.262581,0.262581,0.262581,0.262581,0.262581,0.262581,0.262581,0.262581,0.262581,0.262581,0.262581,0.262581,0.262581,0.262581,0.262581,0.262581,0.262581,0.262581,0.262581,0.262581,0.262581,]
z_g=[89.3459,89.3459,89.3459,89.3459,89.3459,89.3459,89.3459,89.3459,89.3459,89.3459,89.3459,89.3459,89.3459,89.3459,89.3459,89.3459,89.3459,89.3459,89.3459,89.3459,89.3459,89.3459,89.3459,89.3459,89.3459,89.3459,89.3459,89.3459,89.3459,89.3459,89.3459,89.3459,89.3459,89.3459,89.3459,89.3459,89.3459,89.3459,89.3459,89.3459,89.3459,89.3459,89.3459,89.3459,89.3459,89.3459,89.3459,89.3459,89.3459,89.3459,89.3459,89.3459,89.3459,89.3459,89.3459,89.3459,89.3459,89.3459,89.3459,89.3459,89.3459,89.3459,89.3459,]
x_c=[89.8321,89.8884,90.2486,90.2084,90.4675,90.1487,90.1486,90.2228,90.6563,90.7231,90.5554,90.6816,90.8049,90.7419,91.488,91.3743,91.7924,91.9851,92.3016,91.8816,92.5607,92.8053,91.1808,91.1602,90.7607,90.711,90.6829,90.7351,90.2413,90.1934,90.1169,90.4252,90.329,90.2482,91.0302,91.2173,91.3266,91.1547,90.7823,90.4094,90.1621,90.2764,90.4549,90.5314,90.6429,90.6069,90.5053,90.3972,90.2721,90.3636,90.5031,90.201,90.3214,89.9557,90.2096,90.0828,89.7572,89.9007,90.0258,89.9459,90.1253,90.1226,89.9256,]
y_c=[-0.901737,-1.47912,-1.09758,-0.937786,-0.138381,0.102983,-0.0961097,-0.377614,-0.745546,-1.36854,-0.584893,-0.266829,-0.150143,0.213164,0.392462,-0.121357,-0.489676,-0.620918,-1.1184,-1.83843,-1.8091,-1.69427,-1.20457,-1.28396,-0.591357,-0.447947,-0.724162,-0.943663,-0.750246,-1.18909,-0.987822,-0.395167,-0.23406,-0.313256,0.0811581,0.135966,-0.447465,0.573959,1.3084,0.424098,0.191651,0.0275289,0.0390519,-0.0439127,0.358387,0.46194,1.04768,1.41167,1.25972,1.10285,0.908996,0.934737,0.977457,0.322683,0.303635,0.0259712,-0.146338,0.0313875,0.209884,-0.525496,0.127951,0.0482461,0.135535,]
z_c=[89.6097,89.9719,90.0606,90.118,89.9,89.5807,88.8199,88.9185,89.0206,89.2061,89.0245,88.3456,87.7061,87.1062,86.1979,86.4378,86.6941,86.7762,87.0826,87.2516,87.8949,87.9023,88.1478,88.1253,88.379,88.4365,88.5569,88.4558,88.9105,88.9862,89.0247,89.4282,89.4277,89.6094,89.0632,88.707,89.0904,87.9912,87.6374,88.3828,87.9441,87.9438,87.8458,88.2458,87.7042,87.7624,88.3635,88.064,88.1689,89.3047,89.1643,89.3906,89.4466,89.6288,88.8446,88.2851,88.2235,88.3217,88.3215,88.5027,88.0639,87.904,87.9443,]
plt.plot(cnt,x_c,'s-',color = 'r',label="x_calib")#s-:方形
plt.plot(cnt,y_c,'o-',color = 'r',label="y_calib")#o-:圆形
plt.plot(cnt,z_c,'^-',color = 'r',label="z_calib")#o-:正三角
plt.plot(cnt,x_g,'s-',color = 'g',label="x_gt")#s-:方形
plt.plot(cnt,y_g,'o-',color = 'g',label="y_gt")#o-:圆形
plt.plot(cnt,z_g,'^-',color = 'g',label="z_gt")#o-:正三角
plt.xlabel("Count")#横坐标名字
plt.ylabel("Angle(degree)")#纵坐标名字
plt.legend(loc = "best")#图例
plt.show()


import matplotlib.pyplot as plt # line_features, not filter, 1 1 -1, 57dataset
cnt=[0,1,2,3,4,5,6,7,8,9,10,11,12,13,14,15,16,17,18,19,20,21,22,23,24,25,]
x_g=[89.8336,89.8336,89.8336,89.8336,89.8336,89.8336,89.8336,89.8336,89.8336,89.8336,89.8336,89.8336,89.8336,89.8336,89.8336,89.8336,89.8336,89.8336,89.8336,89.8336,89.8336,89.8336,89.8336,89.8336,89.8336,89.8336,]
y_g=[0.262581,0.262581,0.262581,0.262581,0.262581,0.262581,0.262581,0.262581,0.262581,0.262581,0.262581,0.262581,0.262581,0.262581,0.262581,0.262581,0.262581,0.262581,0.262581,0.262581,0.262581,0.262581,0.262581,0.262581,0.262581,0.262581,]
z_g=[89.3459,89.3459,89.3459,89.3459,89.3459,89.3459,89.3459,89.3459,89.3459,89.3459,89.3459,89.3459,89.3459,89.3459,89.3459,89.3459,89.3459,89.3459,89.3459,89.3459,89.3459,89.3459,89.3459,89.3459,89.3459,89.3459,]
x_c=[88.5912,88.7211,88.7006,88.5511,88.9694,88.9987,89.0892,89.0889,89.1896,88.7826,88.9023,89.0423,89.1123,89.433,90.1483,90.0581,90.188,90.2183,90.2779,90.1174,90.0984,90.1795,90.1516,90.0316,90.0929,90.1231,]
y_c=[1.01813,0.937845,0.797956,0.808556,0.485298,0.40507,0.464373,0.424343,0.533681,0.936841,0.826462,0.966494,0.93667,0.888902,0.043451,0.103078,0.11333,0.153256,0.223519,0.674664,0.424541,0.174866,-0.145312,-0.125867,-0.834235,-0.914153,]
z_c=[89.9409,89.7887,89.8292,89.6312,89.4983,89.5881,89.5674,89.6574,89.5565,89.7831,89.9113,90.1791,90.2079,90.5527,90.2671,90.1572,90.097,90.3269,90.0367,90.2884,90.2387,90.2982,90.3478,90.2174,90.0972,90.0076,]
plt.plot(cnt,x_c,'s-',color = 'r',label="x_calib")#s-:方形
plt.plot(cnt,y_c,'o-',color = 'r',label="y_calib")#o-:圆形
plt.plot(cnt,z_c,'^-',color = 'r',label="z_calib")#o-:正三角
plt.plot(cnt,x_g,'s-',color = 'g',label="x_gt")#s-:方形
plt.plot(cnt,y_g,'o-',color = 'g',label="y_gt")#o-:圆形
plt.plot(cnt,z_g,'^-',color = 'g',label="z_gt")#o-:正三角
plt.xlabel("Count")#横坐标名字
plt.ylabel("Angle(degree)")#纵坐标名字
plt.legend(loc = "best")#图例
plt.show()

import matplotlib.pyplot as plt # line_features, not filter, 1 1 -1, 57dataset 100img
cnt=[0,1,2,3,4,5,6,7,8,9,10,11,12,13,14,15,16,17,18,19,20,21,22,23,24,25,26,27,28,29,30,31,32,33,34,35,36,37,38,39,40,41,42,43,44,45,46,47,48,49,50,51,52,53,54,55,56,57,58,59,60,61,62,63,64,65,66,67,68,69,70,71,72,73,74,75,76,77,78,79,80,81,82,83,84,85,86,87,88,89,90,91,92,93,94,95,96,97,98,99,100,]
x_g=[89.8336,89.8336,89.8336,89.8336,89.8336,89.8336,89.8336,89.8336,89.8336,89.8336,89.8336,89.8336,89.8336,89.8336,89.8336,89.8336,89.8336,89.8336,89.8336,89.8336,89.8336,89.8336,89.8336,89.8336,89.8336,89.8336,89.8336,89.8336,89.8336,89.8336,89.8336,89.8336,89.8336,89.8336,89.8336,89.8336,89.8336,89.8336,89.8336,89.8336,89.8336,89.8336,89.8336,89.8336,89.8336,89.8336,89.8336,89.8336,89.8336,89.8336,89.8336,89.8336,89.8336,89.8336,89.8336,89.8336,89.8336,89.8336,89.8336,89.8336,89.8336,89.8336,89.8336,89.8336,89.8336,89.8336,89.8336,89.8336,89.8336,89.8336,89.8336,89.8336,89.8336,89.8336,89.8336,89.8336,89.8336,89.8336,89.8336,89.8336,89.8336,89.8336,89.8336,89.8336,89.8336,89.8336,89.8336,89.8336,89.8336,89.8336,89.8336,89.8336,89.8336,89.8336,89.8336,89.8336,89.8336,89.8336,89.8336,89.8336,89.8336,]
y_g=[0.262581,0.262581,0.262581,0.262581,0.262581,0.262581,0.262581,0.262581,0.262581,0.262581,0.262581,0.262581,0.262581,0.262581,0.262581,0.262581,0.262581,0.262581,0.262581,0.262581,0.262581,0.262581,0.262581,0.262581,0.262581,0.262581,0.262581,0.262581,0.262581,0.262581,0.262581,0.262581,0.262581,0.262581,0.262581,0.262581,0.262581,0.262581,0.262581,0.262581,0.262581,0.262581,0.262581,0.262581,0.262581,0.262581,0.262581,0.262581,0.262581,0.262581,0.262581,0.262581,0.262581,0.262581,0.262581,0.262581,0.262581,0.262581,0.262581,0.262581,0.262581,0.262581,0.262581,0.262581,0.262581,0.262581,0.262581,0.262581,0.262581,0.262581,0.262581,0.262581,0.262581,0.262581,0.262581,0.262581,0.262581,0.262581,0.262581,0.262581,0.262581,0.262581,0.262581,0.262581,0.262581,0.262581,0.262581,0.262581,0.262581,0.262581,0.262581,0.262581,0.262581,0.262581,0.262581,0.262581,0.262581,0.262581,0.262581,0.262581,0.262581,]
z_g=[89.3459,89.3459,89.3459,89.3459,89.3459,89.3459,89.3459,89.3459,89.3459,89.3459,89.3459,89.3459,89.3459,89.3459,89.3459,89.3459,89.3459,89.3459,89.3459,89.3459,89.3459,89.3459,89.3459,89.3459,89.3459,89.3459,89.3459,89.3459,89.3459,89.3459,89.3459,89.3459,89.3459,89.3459,89.3459,89.3459,89.3459,89.3459,89.3459,89.3459,89.3459,89.3459,89.3459,89.3459,89.3459,89.3459,89.3459,89.3459,89.3459,89.3459,89.3459,89.3459,89.3459,89.3459,89.3459,89.3459,89.3459,89.3459,89.3459,89.3459,89.3459,89.3459,89.3459,89.3459,89.3459,89.3459,89.3459,89.3459,89.3459,89.3459,89.3459,89.3459,89.3459,89.3459,89.3459,89.3459,89.3459,89.3459,89.3459,89.3459,89.3459,89.3459,89.3459,89.3459,89.3459,89.3459,89.3459,89.3459,89.3459,89.3459,89.3459,89.3459,89.3459,89.3459,89.3459,89.3459,89.3459,89.3459,89.3459,89.3459,89.3459,]
x_c=[88.9616,88.9913,89.1104,88.9891,89.2669,89.0853,89.0653,89.0652,89.0041,88.538,88.5676,88.7464,88.7363,88.7863,88.9731,89.0029,89.153,88.9922,88.7728,88.2673,88.2376,88.2966,88.2662,88.1109,88.4457,88.4761,88.1652,88.1536,87.9551,87.8318,87.7947,87.7946,87.987,87.9886,88.6121,88.5844,88.578,88.5767,88.3949,88.1933,88.4124,88.1932,88.3159,88.1052,88.8228,89.2412,89.433,89.611,89.489,89.3618,89.3321,89.3328,89.6236,89.5601,89.8653,89.8011,89.7914,89.8878,89.7348,89.4257,89.5152,89.6962,89.848,89.6039,90.0248,89.8232,89.5895,89.6788,89.7379,89.1017,89.0375,88.9142,88.4565,88.4564,88.66,88.6576,88.9331,89.4223,89.4514,89.4808,89.4752,89.2949,89.3842,89.4142,89.8463,90.1627,89.9756,89.9981,90.1275,89.3148,88.9933,89.1188,89.1604,89.3902,89.8072,89.3769,89.3008,89.0995,89.0348,88.893,89.0197,]
y_c=[0.927798,0.897832,0.727338,0.578327,0.306256,0.16833,0.168528,0.158534,0.0693016,0.414338,0.374071,0.222294,0.212388,0.211905,-0.119151,-0.139484,-0.13135,-0.189257,-0.146385,0.169882,0.190216,0.0896225,0.0599714,0.412072,-0.0126234,0.0169121,-0.0482568,-0.148068,-0.0547082,0.349558,0.599935,0.589936,0.757149,0.847262,0.464328,0.564812,0.725,0.665016,0.588729,1.01397,0.960494,1.02352,1.20175,1.20485,0.916275,0.750558,0.867735,0.715333,0.576979,0.700386,0.730818,0.750544,0.795392,0.576651,0.24253,0.00365095,0.0238844,-0.148196,-0.305507,0.351212,0.319724,0.386651,0.494281,0.278844,-0.160126,-0.224929,-0.379553,-0.411558,-0.442776,-0.336215,-0.524698,-0.682204,-1.02199,-1.02204,-1.59617,-1.65614,-1.77696,-1.557,-1.57837,-1.37727,-1.51714,-1.51984,-1.53358,-1.53494,-2.12587,-2.20347,-2.33375,-2.28483,-2.5015,-2.36395,-2.63105,-2.49592,-2.44733,-2.46511,-2.88861,-3.09931,-3.21547,-3.42543,-3.51226,-2.68287,-2.75869,]
z_c=[90.0644,89.7339,89.582,89.4934,89.3625,89.3732,89.2531,89.2431,89.3633,89.517,89.4969,89.4464,89.4664,89.4662,89.3568,89.3469,89.2472,89.2467,89.246,89.4781,89.4582,89.3981,89.3181,89.2496,89.1196,89.1295,89.1092,89.0791,89.029,89.4899,89.1801,89.1801,89.088,88.978,88.5432,88.6836,88.6837,88.6838,88.8556,89.0792,89.1356,89.199,89.1067,89.4007,89.4105,89.1051,89.2224,89.25,89.1014,89.2337,89.224,88.9939,88.9601,89.151,88.95,89.0103,88.7403,88.8404,88.9596,89.0704,88.9799,89.119,89.0278,88.8193,88.4503,88.7096,88.6882,88.7789,88.4393,88.5982,88.7878,88.8565,88.7498,88.5098,87.6346,87.6645,87.823,87.4465,87.5973,87.7985,87.6784,87.6436,87.4558,87.3466,86.8713,86.8234,87.1161,87.197,87.1423,87.6022,87.6881,87.7837,88.0256,88.1654,87.5763,87.3136,87.0393,87.0176,87.1737,87.5157,87.3416,]
plt.plot(cnt,x_c,'s-',color = 'r',label="x_calib")#s-:方形
plt.plot(cnt,y_c,'o-',color = 'r',label="y_calib")#o-:圆形
plt.plot(cnt,z_c,'^-',color = 'r',label="z_calib")#o-:正三角
plt.plot(cnt,x_g,'s-',color = 'g',label="x_gt")#s-:方形
plt.plot(cnt,y_g,'o-',color = 'g',label="y_gt")#o-:圆形
plt.plot(cnt,z_g,'^-',color = 'g',label="z_gt")#o-:正三角
plt.xlabel("Count")#横坐标名字
plt.ylabel("Angle(degree)")#纵坐标名字
plt.legend(loc = "best")#图例
plt.show()

import matplotlib.pyplot as plt # line_features, not filter, 1 1 -1, 57dataset 35img
cnt=[0,1,2,3,4,5,6,7,8,9,10,11,12,13,14,15,16,17,18,19,20,21,22,23,24,25,26,27,28,29,30,31,32,33,34,35,]
x_g=[89.8336,89.8336,89.8336,89.8336,89.8336,89.8336,89.8336,89.8336,89.8336,89.8336,89.8336,89.8336,89.8336,89.8336,89.8336,89.8336,89.8336,89.8336,89.8336,89.8336,89.8336,89.8336,89.8336,89.8336,89.8336,89.8336,89.8336,89.8336,89.8336,89.8336,89.8336,89.8336,89.8336,89.8336,89.8336,89.8336,]
y_g=[0.262581,0.262581,0.262581,0.262581,0.262581,0.262581,0.262581,0.262581,0.262581,0.262581,0.262581,0.262581,0.262581,0.262581,0.262581,0.262581,0.262581,0.262581,0.262581,0.262581,0.262581,0.262581,0.262581,0.262581,0.262581,0.262581,0.262581,0.262581,0.262581,0.262581,0.262581,0.262581,0.262581,0.262581,0.262581,0.262581,]
z_g=[89.3459,89.3459,89.3459,89.3459,89.3459,89.3459,89.3459,89.3459,89.3459,89.3459,89.3459,89.3459,89.3459,89.3459,89.3459,89.3459,89.3459,89.3459,89.3459,89.3459,89.3459,89.3459,89.3459,89.3459,89.3459,89.3459,89.3459,89.3459,89.3459,89.3459,89.3459,89.3459,89.3459,89.3459,89.3459,89.3459,]
x_c=[88.8916,88.9916,89.0115,89.0116,90.0163,90.1157,90.0557,90.0455,90.0445,89.9458,90.0958,90.1058,89.9862,90.0663,90.0662,90.0461,90.0761,90.0661,90.036,90.1169,90.1174,90.1172,90.1081,90.1237,90.037,90.0363,90.1478,90.1176,90.2075,90.1789,90.1192,90.159,90.248,90.2218,90.4172,90.2567,]
y_c=[0.937705,0.907668,0.907547,0.907563,0.100522,0.0494732,0.0700811,0.0301433,-0.169854,0.0518559,-0.0384164,-0.0184395,0.151842,0.181844,-0.116992,0.0530245,0.113039,0.182982,0.123051,0.486373,0.416391,0.436374,0.266356,0.746318,0.317001,0.386998,0.238126,0.26783,0.308545,0.380818,0.350169,0.370629,0.441762,0.141379,-0.424508,-0.124681,]
z_c=[90.0055,89.864,89.7437,89.7736,89.4474,89.3873,89.6673,89.6373,89.7773,89.938,89.8381,89.8581,89.9881,90.0379,90.0074,90.0274,90.0573,89.8673,89.8674,90.4369,90.4269,90.4869,90.127,90.5668,90.4961,90.5661,90.5655,90.4256,90.2852,90.6054,90.6458,90.7155,90.8349,90.6851,90.1256,90.095,]
plt.plot(cnt,x_c,'s-',color = 'r',label="x_calib")#s-:方形
plt.plot(cnt,y_c,'o-',color = 'r',label="y_calib")#o-:圆形
plt.plot(cnt,z_c,'^-',color = 'r',label="z_calib")#o-:正三角
plt.plot(cnt,x_g,'s-',color = 'g',label="x_gt")#s-:方形
plt.plot(cnt,y_g,'o-',color = 'g',label="y_gt")#o-:圆形
plt.plot(cnt,z_g,'^-',color = 'g',label="z_gt")#o-:正三角
plt.xlabel("Count")#横坐标名字
plt.ylabel("Angle(degree)")#纵坐标名字
plt.legend(loc = "best")#图例
plt.show()

import matplotlib.pyplot as plt # edge_features, not filter, 1 1 -1, 57dataset 35img
cnt=[0,1,2,3,4,5,6,7,8,9,10,11,12,13,14,15,16,17,18,19,20,21,22,23,24,25,26,27,28,29,30,31,32,33,34,35,]
x_g=[89.8336,89.8336,89.8336,89.8336,89.8336,89.8336,89.8336,89.8336,89.8336,89.8336,89.8336,89.8336,89.8336,89.8336,89.8336,89.8336,89.8336,89.8336,89.8336,89.8336,89.8336,89.8336,89.8336,89.8336,89.8336,89.8336,89.8336,89.8336,89.8336,89.8336,89.8336,89.8336,89.8336,89.8336,89.8336,89.8336,]
y_g=[0.262581,0.262581,0.262581,0.262581,0.262581,0.262581,0.262581,0.262581,0.262581,0.262581,0.262581,0.262581,0.262581,0.262581,0.262581,0.262581,0.262581,0.262581,0.262581,0.262581,0.262581,0.262581,0.262581,0.262581,0.262581,0.262581,0.262581,0.262581,0.262581,0.262581,0.262581,0.262581,0.262581,0.262581,0.262581,0.262581,]
z_g=[89.3459,89.3459,89.3459,89.3459,89.3459,89.3459,89.3459,89.3459,89.3459,89.3459,89.3459,89.3459,89.3459,89.3459,89.3459,89.3459,89.3459,89.3459,89.3459,89.3459,89.3459,89.3459,89.3459,89.3459,89.3459,89.3459,89.3459,89.3459,89.3459,89.3459,89.3459,89.3459,89.3459,89.3459,89.3459,89.3459,]
x_c=[89.222,89.2701,90.0935,90.0241,90.3988,90.1293,90.0802,90.0799,90.0799,89.9842,90.076,90.0757,90.079,90.0789,90.0726,90.0418,89.9819,89.9834,90.0335,89.9768,89.9778,89.9485,89.9588,89.9877,89.9013,89.9128,90.0009,89.9428,89.972,89.999,89.9687,90.0595,90.1501,90.1506,90.1259,90.0456,]
y_c=[1.01898,1.38916,1.06804,1.02723,0.521406,0.419914,0.289496,0.329495,0.329495,0.850129,0.681193,0.711207,0.421194,0.441192,-0.204951,-0.354797,-0.354446,-0.184437,-0.164862,0.0972258,0.197223,0.257539,0.287429,0.167109,-0.389104,-0.299282,-0.410807,-0.279982,-0.340385,0.250819,0.231267,0.310364,0.379603,0.4396,-0.0273427,-0.0461458,]
z_c=[90.3894,90.4185,90.6918,90.613,90.2689,90.4811,90.4114,90.5314,90.5314,90.6617,90.6403,90.6904,90.5204,90.5304,89.8295,89.6794,89.529,89.5193,89.3695,89.43,89.39,89.3501,89.38,89.4599,89.1084,89.0484,89.139,89.2187,89.1888,89.2673,89.3875,89.5371,89.4965,89.4965,89.0958,89.1557,]
plt.plot(cnt,x_c,'s-',color = 'r',label="x_calib")#s-:方形
plt.plot(cnt,y_c,'o-',color = 'r',label="y_calib")#o-:圆形
plt.plot(cnt,z_c,'^-',color = 'r',label="z_calib")#o-:正三角
plt.plot(cnt,x_g,'s-',color = 'g',label="x_gt")#s-:方形
plt.plot(cnt,y_g,'o-',color = 'g',label="y_gt")#o-:圆形
plt.plot(cnt,z_g,'^-',color = 'g',label="z_gt")#o-:正三角
plt.xlabel("Count")#横坐标名字
plt.ylabel("Angle(degree)")#纵坐标名字
plt.legend(loc = "best")#图例
plt.show()


import matplotlib.pyplot as plt
cnt=[0,1,2,3,4,5,6,7,8,9,10,11,12,13,14,15,16,17,18,19,20,21,22,23,24,25,26,27,28,29,30,31,32,33,34,35,]
for x in cnt:
    if x == 5:
        ind = cnt.index(x)
        cnt[ind] = cnt[ind] -5
print cnt

x2_c=[]
for x in x2_c:
	if x < -100:
		ind = x2_c.index(x)
		x2_c[ind] = x2_c[ind] + 180.0
	if x > 100:
	    idx = x2_c.index(x)
	    x2_c[idx] = x2_c[idx] - 180.0
print x2_c

# -*- coding: UTF-8 -*-
z2_c=[0.8079999999999927, 0.8170000000000073, 0.9730000000000132, 1.3429999999999893, 1.3429999999999893, 1.3460000000000036, 1.225999999999999, 1.1169999999999902, 0.9799999999999898, 0.9799999999999898, 0.176375, 0.172519, 0.172519, 0.172519, 0.172519, 0.174619, 0.172519, 0.172015, 0.171511, 0.171511, 0.15119, 0.15119, 0.151734, 0.151598, 0.151598, 0.151353, 0.151143, 0.151143, 0.201144, 0.201144, 0.363675, 0.213085, 0.213364, 0.213243, 0.14358, 0.14358, 0.143406, 0.143164, 0.143192, 0.143192, 0.018000000000000682, 0.193377, 0.193377, 0.193377, 0.144103, 0.144444, 0.144444, 0.144684, 0.14502, 0.14502, 0.307139, 0.186304, 0.186024, 0.185848, 0.185848, 0.185848, 0.185848, 0.215568, 0.215904, 0.215375, 0.0237975, 0.183368, 0.213367, 0.163632, 0.213839, 0.213839, 0.213592, 0.213041, 0.213041, 0.213409, 0.377428, 0.197251, 0.197058, 0.197173, 0.197173, 0.197173, 0.197173, 0.14698, 0.147057, 0.197057, 0.0347139, 0.214602, 0.164605, 0.164605, 0.164605, 0.164605, 0.214001, 0.214001, 0.214001, 0.213744, 0.378512, 0.218184, 0.147438, 0.147649, 0.147987, 0.198251, 0.198362, 0.198473, 0.198611, 0.198611, 0.00689105, 0.217656, 0.216982, 0.216561, 0.166815, 0.166815, 0.166815, 0.216982, 0.216729, 0.216982, 0.411715, 0.181726, 0.18207, 0.181357, 0.181357, 0.211438, 0.211316, 0.211316, 0.210991, 0.210991, 0.03100000000000591, 0.180605, 0.210858, 0.160607, 0.160266, 0.160139, 0.180011, 0.180139, 0.180266, 0.180266, 0.343011, 0.192402, 0.192013, 0.1925, 0.1425, 0.1425, 0.1425, 0.1425, 0.112377, 0.192378, 0.0289066, 0.179491, 0.229658, 0.229658, 0.209659, 0.208983, 0.208983, 0.209406, 0.159802, 0.211217, 0.374172, 0.193774, 0.113752, 0.113752, 0.202988, 0.203009, 0.202739, 0.202469, 0.202402, 0.202402, 0.009999999999990905, 0.200505, 0.170433, 0.219742, 0.219742, 0.219742, 0.219742, 0.219742, 0.219742, 0.200432, 0.365223, 0.214991, 0.214868, 0.214991, 0.214868, 0.135282, 0.184708, 0.214504, 0.1943, 0.224055, 0.0618399, 0.183277, 0.233274, 0.233274, 0.233274, 0.213534, 0.213275, 0.213275, 0.213275, 0.213707, 0.408264, 0.217935, 0.217987, 0.188115, 0.18841, 0.188112, 0.188137, 0.217903, 0.21774, 0.217226, 0.00501249, 0.156656, 0.157777, 0.158201, 0.177776, 0.20803, 0.177776, 0.177776, 0.227096, 0.227096, 0.422098, 0.211944, 0.211826, 0.181825, 0.181944, 0.181944, 0.13155, 0.13155, 0.131235, 0.131235, 0.11099999999999, 0.0992911, 0.179075, 0.209074, 0.209074, 0.209074, 0.209074, 0.159076, 0.209074, 0.209074, 0.403691, 0.19388, 0.14388, 0.193699, 0.163462, 0.213522, 0.213522, 0.21325, 0.162907, 0.162701, 0, 0.210937, 0.212438, 0.213403, 0.214096, 0.214096, 0.214096, 0.214528, 0.214269, 0.214269, 0.408823, 0.199007, 0.199007, 0.199007, 0.199007, 0.198883, 0.198745, 0.198353, 0.198951, 0.198951, 0.0367929, 0.197938, 0.197542, 0.197396, 0.197396, 0.197396, 0.197396, 0.197178, 0.197324, 0.227541, 0.441108, 0.201456, 0.201562, 0.151483, 0.151483, 0.201483, 0.201483, 0.201483, 0.201407, 0.201356, 0.0375058, 0.168869, 0.169846, 0.189406, 0.188559, 0.23833, 0.238611, 0.23883, 0.239019, 0.238403, 0.401879, 0.221085, 0.250483, 0.200299, 0.199508, 0.199323, 0.198973, 0.227263, 0.227263, 0.25622, 0.0917668, 0.223205, 0.222311, 0.221057, 0.221194, 0.220784, 0.222531, 0.252631, 0.201549, 0.250944, 0.421238, 0.220863, 0.190864, 0.239735, 0.258626, 0.258673, 0.308899, 0.328706, 0.407392, 0.408675, 0.153417, 0.184723, 0.185673, 0.184723, 0.185046, 0.234647, 0.234647, 0.236151, 0.235517, 0.235165, 0.403135, 0.162178, 0.181778, 0.263543, 0.185131, 0.185691, 0.185955, 0.205494, 0.256253, 0.285424, 0.116772, 0.238452, 0.240173, 0.23794, 0.205066, 0.13271, 0.111767, 0.160195, 0.208825, 0.258588, 0.427676, 0.219216, 0.271876, 0.322605, 0.395403, 0.234311, 0.131702, 0.1813, 0.180317, 0.182296, 0.2810000000000059]
cnt = 0
y = 0
for x in z2_c:
    ind = z2_c.index(x)
    z2_c[ind] = z2_c[ind] - 0.2
print z2_c


cnt = 0
y = 0
for x in y2_c:
    cnt = cnt + 1
    y = y + x
y = y / cnt
print y


import matplotlib.pyplot as plt # edge_features, not filter, 1 1 -1, 57dataset 35img
cnt=[0,1,2,3,4,5,6,7,8,9,10,11,12,13,14,15,16,17,18,19,20,21,22,23,24,25,26,27,28,29,30,31,32,33,34,35,36,37,38,39,40,41,42,43,44,45,46,47,48,49,50,51,52,53,54,55,56,57,58,59,60,61,62,63,64,65,66,67,68,69,70,71,72,73,74,75,76,77,78,79,80,81,82,83,84,85,86,87,88,89,90,91,92,93,94,95,96,97,98,99,100,101,102,103,104,105,106,107,108,109,110,111,112,113,114,115,116,117,118,119,120,121,122,123,124,125,126,127,128,129,130,131,132,133,134,135,136,137,138,139,140,141,142,143,144,145,146,147,148,149,150,151,152,153,154,155,156,157,158,159,160,161,162,163,164,165,166,167,168,169,170,171,172,173,174,175,176,177,178,179,180,181,182,183,184,185,186,187,188,189,190,191,192,193,194,195,196,197,198,199,200,201,202,203,204,205,206,207,208,209,210,211,212,213,214,215,216,217,218,219,220,221,222,223,224,225,226,227,228,229,230,231,232,233,234,235,236,237,238,239,240,241,242,243,244,245,246,247,248,249,250,251,252,253,254,255,256,257,258,259,260,261,262,263,264,265,266,267,268,269,270,271,272,273,274,275,276,277,278,279,280,281,282,283,284,285,286,287,288,289,290,291,292,293,294,295,296,297,298,299,300,301,302,303,304,305,306,307,308,309,310,311,312,313,314,315,316,317,318,319,320,321,322,323,324,325,326,327,328,329,330,331,332,333,334,335,336,337,338,339,340,341,342,343,344,345,346,347,348,349,350,351,352,353,354,355,356,357,358,359,360,]
x2_c=[0.06379999999999408, 0.07380000000001341, 0.23579999999999113, 0.6198000000000057, 0.6198000000000057, 0.49980000000000113, 0.49879999999999636, 0.10780000000000522, 0.60880000000001, 0.60880000000001, 0.764954, 0.024977999999999945, 0.024977999999999945, 0.024977999999999945, 0.024977999999999945, 0.524958, 0.024977999999999945, -0.09501800000000005, -0.215013, -0.215013, -0.11848800000000004, -0.11848800000000004, 0.001507000000000036, -0.028491999999999962, -0.028491999999999962, -0.108483, -0.15848099999999998, -0.15848099999999998, -0.15905199999999997, -0.15905199999999997, 0.237296, 0.20923599999999998, 0.289234, 0.289258, 0.340023, 0.340023, 0.290025, 0.260014, 0.210036, 0.210036, -0.030200000000000005, 0.127166, 0.127166, 0.127166, 0.20774400000000004, 0.25774199999999997, 0.25774199999999997, 0.17780700000000005, 0.19782500000000003, 0.19782500000000003, 0.594333, 0.5658179999999999, 0.485821, 0.435823, 0.435823, 0.435823, 0.435823, 0.355483, 0.335398, 0.20544399999999996, -0.06454000000000004, -0.11638000000000004, -0.11672199999999999, -0.08615300000000004, -0.07674899999999996, -0.07674899999999996, -0.10674700000000004, -0.20678200000000002, -0.20678200000000002, -0.15678499999999995, 0.339165, 0.311067, 0.261069, 0.291068, 0.291068, 0.291068, 0.291068, 0.241641, 0.26164, 0.261069, -0.039435, -0.10140700000000002, -0.10083600000000004, -0.10083600000000004, -0.10083600000000004, -0.10083600000000004, -0.17140200000000005, -0.17140200000000005, -0.17140200000000005, -0.20140000000000002, 0.22450199999999998, 0.11630399999999996, -0.04290099999999997, 0.00709700000000002, 0.087094, 0.116506, 0.146505, 0.17650299999999997, 0.17648699999999995, 0.17648699999999995, -0.09359899999999999, -0.02586200000000005, -0.10585699999999998, -0.15585400000000005, -0.125286, -0.125286, -0.125286, -0.10585699999999998, -0.13585599999999998, -0.10585699999999998, 0.289578, 0.292315, 0.352305, 0.222323, 0.222323, 0.24197999999999997, 0.21198099999999998, 0.21198099999999998, 0.131984, 0.131984, -0.15720000000000955, -0.029384999999999994, -0.07977299999999998, -0.15919700000000003, -0.23919400000000002, -0.269193, -0.29942, -0.269421, -0.23942200000000002, -0.23942200000000002, 0.15670700000000004, 0.15861800000000004, 0.10864200000000002, 0.238637, 0.23920799999999998, 0.23920799999999998, 0.23920799999999998, 0.23920799999999998, 0.20955199999999996, 0.208638, -0.21176000000000006, -0.183361, -0.163933, -0.163933, -0.163705, -0.24370000000000003, -0.24370000000000003, -0.19370299999999996, -0.22311599999999998, -0.03372799999999998, 0.431855, 0.373974, 0.344887, 0.344887, 0.393777, 0.363759, 0.283762, 0.20376399999999995, 0.18376499999999996, 0.18376499999999996, -0.16619999999999568, -0.10841, -0.13809499999999997, -0.218661, -0.218661, -0.218661, -0.218661, -0.218661, -0.218661, -0.13843799999999995, 0.257388, 0.229118, 0.19911900000000005, 0.229118, 0.19911900000000005, 0.19999100000000003, 0.14945399999999998, 0.09911400000000004, 0.04934399999999994, -0.010996000000000006, -0.30142, -0.20274199999999998, -0.20331200000000005, -0.20331200000000005, -0.20331200000000005, -0.17308599999999996, -0.20308400000000004, -0.20308400000000004, -0.20308400000000004, -0.15308699999999997, 0.18236699999999995, 0.134563, 0.114537, 0.094835, 0.15482200000000002, 0.204859, 0.15484200000000004, 0.12452699999999994, 0.04450299999999996, -0.03544899999999995, -0.32519999999999993, -0.196971, -0.09697, -0.04697300000000004, -0.097198, -0.06754199999999999, -0.097198, -0.097198, -0.17776400000000003, -0.17776400000000003, 0.247471, 0.270001, 0.240002, 0.240344, 0.270343, 0.270343, 0.17091800000000001, 0.17091800000000001, 0.09092100000000003, 0.09092100000000003, -0.2282000000000075, -0.20122399999999996, -0.252119, -0.25246199999999996, -0.25246199999999996, -0.25246199999999996, -0.25246199999999996, -0.251891, -0.25246199999999996, -0.25246199999999996, 0.11313700000000004, 0.14556199999999997, 0.14613299999999996, 0.06555500000000003, 0.005900000000000016, -0.014695000000000014, -0.014695000000000014, -0.034653000000000045, -0.11407900000000004, -0.19407399999999997, -0.5362000000000002, -0.46802999999999995, -0.3581000000000001, -0.278146, -0.19815099999999997, -0.19815099999999997, -0.19815099999999997, -0.148154, -0.17815199999999998, -0.17815199999999998, 0.18742400000000004, 0.21984900000000002, 0.21984900000000002, 0.21984900000000002, 0.21984900000000002, 0.18984999999999996, 0.08982599999999996, 0.039854999999999974, 0.13982300000000003, 0.13982300000000003, -0.16066899999999995, -0.08240599999999998, -0.16242900000000005, -0.18242800000000003, -0.18242800000000003, -0.18242800000000003, -0.18242800000000003, -0.212426, -0.19242700000000001, -0.162771, 0.233537, 0.28616199999999997, 0.266133, 0.24670399999999998, 0.24670399999999998, 0.24613400000000002, 0.24613400000000002, 0.24613400000000002, 0.116089, 0.09609000000000001, -0.30559000000000003, -0.256984, -0.18699100000000002, -0.217206, -0.2971999999999999, -0.35786000000000007, -0.32786000000000004, -0.34797999999999996, -0.36807999999999996, -0.44805000000000006, -0.05181599999999997, -0.07940899999999995, -0.07960999999999996, -0.07901000000000002, -0.15900499999999995, -0.15897700000000003, -0.23902800000000002, -0.34922999999999993, -0.34922999999999993, -0.4295199999999999, -0.7195499999999999, -0.67107, -0.7511399999999999, -0.7809600000000001, -0.7809900000000001, -0.80097, -0.72105, -0.73146, -0.8109, -0.81125, -0.30745, -0.33532000000000006, -0.33497, -0.46554000000000006, -0.5757099999999999, -0.55566, -0.55636, -0.7171799999999999, -0.8777699999999999, -0.69791, -1.09634, -0.99671, -0.9467099999999999, -0.99671, -0.9967299999999999, -1.02734, -1.02734, -0.9473800000000001, -0.9773400000000001, -1.02741, -0.53156, -0.5284200000000001, -0.5486200000000001, -0.4495100000000001, -0.3687, -0.33871000000000007, -0.28868000000000005, -0.31889999999999996, -0.269478, -0.33989, -0.79, -0.73146, -0.6515299999999999, -0.73133, -0.86094, -0.99007, -1.01994, -1.10051, -1.18111, -1.1816, -0.7854300000000001, -0.68317, -0.5236000000000001, -0.4942500000000001, -0.33471000000000006, -0.4131499999999999, -0.54202, -0.5625899999999999, -0.61259, -0.5326200000000001, -1.091200000000007]
y2_c=[-0.5030000000000072, -0.5030000000000072, -0.5150000000000077, -0.5200000000000031, -0.5200000000000031, -0.5169999999999888, -0.5169999999999888, -0.8879999999999981, -0.779999999999994, -0.779999999999994, 0.020540000000000003, -0.09939700000000001, -0.09939700000000001, -0.09939700000000001, -0.09939700000000001, -0.099433, -0.09939700000000001, -0.09939100000000001, -0.09938599999999997, -0.09938599999999997, -0.08011099999999999, -0.08011099999999999, -0.080073, -0.08008300000000002, -0.08008300000000002, -0.100107, -0.10012300000000002, -0.10012300000000002, -0.09989399999999998, -0.09989399999999998, -0.259256, -0.13983800000000002, -0.139899, -0.10989900000000002, -0.140258, -0.140258, -0.140281, -0.11029499999999998, -0.160317, -0.160317, 0.16, 0.08076, 0.08076, 0.08076, 0.050522999999999985, 0.05054500000000001, 0.05054500000000001, -0.10948799999999997, -0.15947899999999998, -0.15947899999999998, -0.318451, -0.138924, -0.13890000000000002, -0.138886, -0.138886, -0.138886, -0.138886, -0.138725, -0.23870799999999998, -0.18860400000000005, 0.161432, 0.162021, 0.162158, 0.161976, 0.132154, 0.132154, 0.132177, 0.082254, 0.082254, 0.08221600000000001, -0.12801600000000002, -0.11877199999999999, -0.11874699999999999, -0.11876199999999998, -0.11876199999999998, -0.11876199999999998, -0.11876199999999998, -0.11896699999999999, -0.11895899999999998, -0.11873, 0.2612067, 0.152004, 0.151774, 0.151774, 0.151774, 0.151774, 0.152015, 0.152015, 0.152015, 0.152038, -0.09758699999999998, -0.128044, -0.098406, -0.098387, -0.09835699999999997, -0.12814199999999998, -0.128158, -0.12817299999999998, -0.15817199999999998, -0.15817199999999998, 0.19178499999999998, 0.142891, 0.142958, 0.14299900000000001, 0.142771, 0.142771, 0.142771, 0.143028, 0.143053, 0.143028, -0.136355, -0.12730000000000002, -0.15731299999999998, -0.10728500000000002, -0.10728500000000002, -0.10715200000000003, -0.10713, -0.10713, -0.10707099999999997, -0.10707099999999997, 0.163, 0.053792000000000006, -0.07605899999999999, -0.09625600000000001, -0.096269, -0.09627400000000003, -0.096161, -0.09616599999999997, -0.09617199999999998, -0.09617199999999998, -0.30538800000000005, -0.155993, -0.10597299999999998, -0.10602499999999998, -0.10625400000000002, -0.10625400000000002, -0.10625400000000002, -0.10625400000000002, -0.106406, -0.106039, 0.2230861, 0.143724, 0.143976, 0.143976, 0.143868, 0.143924, 0.143924, 0.143889, 0.013656000000000001, -0.08614699999999997, -0.386214, -0.306916, -0.307252, -0.307252, -0.11682399999999998, -0.146806, -0.14675899999999997, -0.14671299999999998, -0.14670100000000003, -0.14670100000000003, 0.183, 0.203689, 0.153568, 0.153825, 0.153825, 0.153825, 0.153825, 0.153825, 0.153825, 0.153688, -0.12568800000000002, -0.10626799999999997, -0.106244, -0.10626799999999997, -0.106244, -0.206594, -0.10639599999999999, -0.10622900000000002, -0.10628199999999999, -0.106103, 0.2639502, 0.154556, 0.154829, 0.154829, 0.154829, 0.154686, 0.154709, 0.154709, 0.154709, 0.154671, -0.12437700000000002, -0.09501399999999999, -0.124996, -0.175116, -0.20513600000000004, -0.105153, -0.15513700000000002, -0.12498900000000002, -0.154922, -0.10485499999999998, 0.2550039, 0.195879, 0.145901, 0.145911, 0.145977, 0.14611, 0.145993, 0.145993, 0.14626, 0.14626, -0.16332400000000002, -0.11432900000000001, -0.11430699999999999, -0.11446, -0.11446699999999999, -0.11446699999999999, -0.11471799999999999, -0.11471799999999999, -0.11477100000000001, -0.11477100000000001, 0.124, 0.21527580000000002, 0.165641, 0.165763, 0.165763, 0.165763, 0.165763, 0.165533, 0.165763, 0.165763, -0.083397, -0.094306, -0.09453499999999998, -0.11427100000000001, -0.11439899999999997, -0.14419700000000002, -0.14419700000000002, -0.09418199999999999, -0.09437699999999999, -0.124386, 0.23300000000001114, 0.28608290000000003, 0.206003, 0.155943, 0.155881, 0.155881, 0.155881, 0.155842, 0.155865, 0.155865, -0.093327, -0.10423900000000003, -0.10423900000000003, -0.10423900000000003, -0.10423900000000003, -0.10422399999999998, -0.15417199999999998, -0.10414699999999999, -0.15419699999999997, -0.15419699999999997, 0.22574919999999998, 0.12657, 0.07661000000000001, 0.07662, 0.07662, 0.07662, 0.07662, 0.07663500000000001, 0.076625, 0.07674800000000001, -0.032615000000000005, -0.06390000000000001, -0.11388799999999999, -0.11408000000000001, -0.11408000000000001, -0.11385099999999998, -0.11385099999999998, -0.11385099999999998, -0.19377700000000003, -0.19376600000000005, 0.445585, 0.2862524, 0.2362532, 0.2663272, 0.2663547, 0.196658, 0.19662200000000002, 0.09664700000000001, 0.01667200000000002, 0.036768999999999996, -0.12285400000000002, 0.026444000000000023, 0.176581, 0.2263941, 0.2264368, 0.2764363, 0.176479, 0.30668607, 0.30668607, 0.33690370000000003, 0.697129, 0.56775, 0.49782499999999996, 0.677851, 0.647851, 0.667869, 0.587798, 0.537946, 0.5078050000000001, 0.6579900000000001, 0.127464, 0.156656, 0.156518, 0.156865, 0.187127, 0.2170958, 0.167327, -0.04213600000000001, 0.038787000000000016, 0.007994000000000001, 0.648408, 0.748587, 0.7485729999999999, 0.748587, 0.668588, 0.638896, 0.638896, 0.608804, 0.6388389999999999, 0.5388539999999999, 0.3284165, 0.567426, 0.5875049999999999, 0.5478339999999999, 0.467361, 0.437353, 0.537338, 0.53742, 0.537618, 0.487863, 0.867578, 0.7480709999999999, 0.697974, 0.858069, 0.878083, 0.7977449999999999, 0.877651, 0.847825, 0.798111, 0.8483400000000001, 0.6885589999999999, 0.727299, 0.8073049999999999, 0.7774989999999999, 0.857256, 0.756739, 0.786285, 0.786474, 0.786484, 0.686469, -0.5649999999999906]
z2_c=[0.6079999999999928, 0.6170000000000073, 0.7730000000000132, 1.1429999999999894, 1.1429999999999894, 1.1460000000000037, 1.0259999999999991, 0.9169999999999903, 0.7799999999999898, 0.7799999999999898, -0.023625000000000007, -0.027481000000000005, -0.027481000000000005, -0.027481000000000005, -0.027481000000000005, -0.025381000000000015, -0.027481000000000005, -0.02798500000000001, -0.028489000000000014, -0.028489000000000014, -0.04881000000000002, -0.04881000000000002, -0.048266, -0.048402, -0.048402, -0.048647000000000024, -0.04885700000000001, -0.04885700000000001, 0.0011439999999999784, 0.0011439999999999784, 0.16367500000000001, 0.013084999999999986, 0.013363999999999987, 0.013242999999999977, -0.05642, -0.05642, -0.056594000000000005, -0.056836, -0.056808, -0.056808, -0.18199999999999933, -0.006623000000000018, -0.006623000000000018, -0.006623000000000018, -0.055897, -0.05555600000000002, -0.05555600000000002, -0.055316000000000004, -0.05498, -0.05498, 0.10713899999999998, -0.013696000000000014, -0.013976000000000016, -0.014151999999999998, -0.014151999999999998, -0.014151999999999998, -0.014151999999999998, 0.015567999999999999, 0.015904, 0.015375, -0.1762025, -0.016632000000000008, 0.01336699999999999, -0.03636800000000001, 0.01383899999999999, 0.01383899999999999, 0.013591999999999993, 0.013040999999999997, 0.013040999999999997, 0.013408999999999976, 0.17742799999999997, -0.0027490000000000014, -0.002942, -0.002827000000000024, -0.002827000000000024, -0.002827000000000024, -0.002827000000000024, -0.05302000000000001, -0.05294300000000002, -0.002943000000000001, -0.16528610000000002, 0.014601999999999976, -0.03539500000000001, -0.03539500000000001, -0.03539500000000001, -0.03539500000000001, 0.014000999999999986, 0.014000999999999986, 0.014000999999999986, 0.013743999999999978, 0.178512, 0.018183999999999978, -0.052562, -0.05235100000000001, -0.052013000000000004, -0.0017490000000000006, -0.0016380000000000006, -0.0015270000000000006, -0.0013890000000000013, -0.0013890000000000013, -0.19310895, 0.017655999999999977, 0.016981999999999997, 0.016560999999999992, -0.03318500000000002, -0.03318500000000002, -0.03318500000000002, 0.016981999999999997, 0.016728999999999994, 0.016981999999999997, 0.211715, -0.018274000000000012, -0.01793, -0.01864300000000002, -0.01864300000000002, 0.011437999999999976, 0.011315999999999993, 0.011315999999999993, 0.010991, 0.010991, -0.1689999999999941, -0.019395000000000023, 0.010857999999999979, -0.03939300000000001, -0.03973400000000002, -0.03986100000000001, -0.019989000000000007, -0.019861000000000018, -0.019734, -0.019734, 0.143011, -0.007598000000000021, -0.007987000000000022, -0.007500000000000007, -0.05750000000000002, -0.05750000000000002, -0.05750000000000002, -0.05750000000000002, -0.087623, -0.007622000000000018, -0.1710934, -0.020509, 0.02965799999999999, 0.02965799999999999, 0.009659000000000001, 0.008982999999999991, 0.008982999999999991, 0.009405999999999998, -0.04019800000000001, 0.011216999999999977, 0.174172, -0.006226000000000009, -0.086248, -0.086248, 0.0029879999999999907, 0.003008999999999984, 0.0027389999999999914, 0.002468999999999999, 0.0024019999999999875, 0.0024019999999999875, -0.1900000000000091, 0.0005049999999999777, -0.02956700000000001, 0.019741999999999982, 0.019741999999999982, 0.019741999999999982, 0.019741999999999982, 0.019741999999999982, 0.019741999999999982, 0.00043199999999998795, 0.165223, 0.014990999999999977, 0.014867999999999992, 0.014990999999999977, 0.014867999999999992, -0.064718, -0.015292, 0.014503999999999989, -0.005700000000000011, 0.024054999999999993, -0.1381601, -0.016723000000000016, 0.033274, 0.033274, 0.033274, 0.01353399999999999, 0.013274999999999981, 0.013274999999999981, 0.013274999999999981, 0.013706999999999997, 0.208264, 0.01793499999999998, 0.017986999999999975, -0.011885000000000007, -0.011590000000000017, -0.01188800000000001, -0.011863000000000012, 0.017903000000000002, 0.017739999999999978, 0.01722599999999999, -0.19498751, -0.04334400000000002, -0.04222300000000001, -0.041799, -0.02222400000000002, 0.008029999999999982, -0.02222400000000002, -0.02222400000000002, 0.02709599999999998, 0.02709599999999998, 0.22209799999999996, 0.011943999999999982, 0.011825999999999975, -0.018175000000000024, -0.018056000000000016, -0.018056000000000016, -0.06845000000000001, -0.06845000000000001, -0.06876500000000002, -0.06876500000000002, -0.08900000000001002, -0.10070890000000002, -0.020925, 0.009073999999999999, 0.009073999999999999, 0.009073999999999999, 0.009073999999999999, -0.040924000000000016, 0.009073999999999999, 0.009073999999999999, 0.203691, -0.006120000000000014, -0.05612, -0.006301000000000001, -0.036538000000000015, 0.013521999999999978, 0.013521999999999978, 0.013249999999999984, -0.037093000000000015, -0.037299, -0.2, 0.010937000000000002, 0.012437999999999977, 0.013402999999999998, 0.014095999999999997, 0.014095999999999997, 0.014095999999999997, 0.014527999999999985, 0.014268999999999976, 0.014268999999999976, 0.20882299999999998, -0.0009930000000000216, -0.0009930000000000216, -0.0009930000000000216, -0.0009930000000000216, -0.0011170000000000069, -0.0012550000000000061, -0.0016470000000000096, -0.0010490000000000221, -0.0010490000000000221, -0.1632071, -0.0020620000000000083, -0.0024580000000000157, -0.002604000000000023, -0.002604000000000023, -0.002604000000000023, -0.002604000000000023, -0.002822000000000019, -0.0026760000000000117, 0.027540999999999982, 0.241108, 0.001455999999999985, 0.00156199999999998, -0.048517000000000005, -0.048517000000000005, 0.0014829999999999843, 0.0014829999999999843, 0.0014829999999999843, 0.0014069999999999916, 0.001355999999999996, -0.1624942, -0.03113100000000002, -0.030154000000000014, -0.01059400000000002, -0.011441000000000007, 0.038329999999999975, 0.03861099999999998, 0.038829999999999976, 0.039019, 0.03840299999999999, 0.20187899999999998, 0.021084999999999993, 0.050483, 0.0002989999999999937, -0.0004920000000000202, -0.0006770000000000109, -0.0010270000000000001, 0.02726299999999998, 0.02726299999999998, 0.05621999999999999, -0.10823320000000002, 0.023204999999999976, 0.022310999999999998, 0.021056999999999992, 0.02119399999999999, 0.020783999999999997, 0.022530999999999995, 0.05263099999999998, 0.0015489999999999948, 0.05094399999999999, 0.221238, 0.020862999999999993, -0.009136000000000005, 0.03973499999999999, 0.05862600000000001, 0.058672999999999975, 0.10889899999999997, 0.128706, 0.20739199999999997, 0.208675, -0.04658300000000001, -0.015277000000000013, -0.014327000000000006, -0.015277000000000013, -0.014954000000000023, 0.03464699999999998, 0.03464699999999998, 0.03615099999999999, 0.03551699999999999, 0.035165, 0.203135, -0.03782200000000002, -0.018222000000000016, 0.06354300000000002, -0.014869000000000021, -0.014309000000000016, -0.014045000000000002, 0.005493999999999999, 0.056253, 0.085424, -0.08322800000000001, 0.038451999999999986, 0.040172999999999986, 0.03794, 0.005065999999999987, -0.06729000000000002, -0.088233, -0.03980500000000001, 0.008825, 0.05858799999999997, 0.227676, 0.019215999999999983, 0.071876, 0.12260499999999996, 0.195403, 0.03431099999999998, -0.068298, -0.018700000000000022, -0.019683000000000006, -0.017703999999999998, 0.0810000000000059]

plt.plot(cnt,x2_c,color = 'r',label="x_calib")#s-:方形
plt.plot(cnt,y2_c,color = 'g',label="y_calib")#o-:圆形
plt.plot(cnt,z2_c,color = 'b',label="z_calib")#o-:正三角
plt.xlabel("Count")#横坐标名字
plt.ylabel("Angle(degree)")#纵坐标名字
plt.legend(loc = "best")#图例
plt.show()







x2_c=[-0.826547, -0.926582, -0.926582, -0.876585, -0.380635, -0.408733, -0.458731, -0.428732, -0.428732, -0.428732, -0.428732, -0.478159, -0.45816, -0.458731, -0.759235, -0.821207, -0.820636, -0.820636, -0.820636, -0.820636, -0.891202, -0.891202, -0.891202, -0.9212, -0.495298, -0.603496, -0.762701, -0.712703, -0.632706, -0.603294, -0.573295, -0.543297, -0.543313, -0.543313, -0.813399, -0.745662, -0.825657, -0.875654, -0.845086, -0.845086, -0.845086, -0.825657, -0.855656, -0.825657, -0.430222, -0.427485, -0.367495, -0.497477, -0.497477, -0.47782, -0.507819, -0.507819, -0.587816, -0.587816, -0.8770000000000095, -0.749185, -0.799573, -0.878997, -0.958994, -0.988993, -1.01922, -0.989221, -0.959222, -0.959222, -0.563093, -0.561182, -0.611158, -0.481163, -0.480592, -0.480592, -0.480592, -0.480592, -0.510248, -0.511162, -0.93156, -0.903161, -0.883733, -0.883733, -0.883505, -0.9635, -0.9635, -0.913503, -0.942916, -0.753528, -0.287945, -0.345826, -0.374913, -0.374913, -0.326023, -0.356041, -0.436038, -0.516036, -0.536035, -0.536035, -0.8859999999999957, -0.82821, -0.857895, -0.938461, -0.938461, -0.938461, -0.938461, -0.938461, -0.938461, -0.858238, -0.462412, -0.490682, -0.520681, -0.490682, -0.520681, -0.519809, -0.570346, -0.620686, -0.670456, -0.730796, -1.02122, -0.922542, -0.923112, -0.923112, -0.923112, -0.892886, -0.922884, -0.922884, -0.922884, -0.872887, -0.537433, -0.585237, -0.605263, -0.624965, -0.564978, -0.514941, -0.564958, -0.595273, -0.675297, -0.755249, -1.045, -0.916771, -0.81677, -0.766773, -0.816998, -0.787342, -0.816998, -0.816998, -0.897564, -0.897564, -0.472329, -0.449799, -0.479798, -0.479456, -0.449457, -0.449457, -0.548882, -0.548882, -0.628879, -0.628879, -0.9480000000000075, -0.921024, -0.971919, -0.972262, -0.972262, -0.972262, -0.972262, -0.971691, -0.972262, -0.972262, -0.606663, -0.574238, -0.573667, -0.654245, -0.7139, -0.734495, -0.734495, -0.754453, -0.833879, -0.913874, -1.2560000000000002, -1.18783, -1.0779, -0.997946, -0.917951]












import matplotlib.pyplot as plt # edge_features, not filter, 1 1 -1, 57dataset 35img
cnt=[0,1,2,3,4,5,6,7,8,9,10,11,12,13,14,15,16,17,18,19,20,21,22,23,24,25,26,27,28,29,30,31,32,33,34,35,36,37,38,39,40,41,42,43,44,45,46,47,48,49,50,51,52,53,54,55,56,57,58,59,60,61,62,63,64,65,66,67,68,69,70,71,72,73,74,75,76,77,78,79,80,81,82,83,84,85,86,87,88,89,90,91,92,93,94,95,96,97,98,99,100,101,102,103,104,105,106,107,108,109,110,111,112,113,114,115,116,117,118,119,120,121,122,123,124,125,126,127,128,129,130,131,132,133,134,135,136,137,138,139,140,141,142,143,144,145,146,147,148,149,150,151,152,153,154,155,156,157,158,159,160,161,162,163,164,165,166,167,168,169,170,171,172,173,174,175,176,177,178,179,180,181,182,183,184,185,186,187,188,189,190,191,192,193,194,195,196,197,198,199,200,201,202,203,204,205,206,207,208,209,210,211,212,213,214,215,216,217,218,219,220,221,222,223,224,225,226,227,228,229,230,231,232,233,234,235,236,237,238,239,240,241,242,243,244,245,246,247,248,249,250,251,252,253,254,255,256,257,258,259,260,261,262,263,264,265,266,267,268,269,270,271,272,273,274,275,276,277,278,279,280,281,282,283,284,285,286,287,288,289,290,291,292,293,294,295,296,297,298,299,300]
x2_c=[0.66379999999999408, 0.57380000000001341, 0.53579999999999113, 0.4198000000000057, 0.3198000000000057, 0.19980000000000113, 0.19879999999999636, 0.10780000000000522, 0.10880000000001, 0.30880000000001, 0.264954, 0.024977999999999945, 0.028977999999999945, 0.024977999999999945, 0.0204977999999999945, 0.204958, 0.024977999999999945, -0.09501800000000005, -0.215013, -0.215013, -0.11848800000000004, -0.11848800000000004, 0.001507000000000036, -0.028491999999999962, -0.028491999999999962, -0.108483, -0.15848099999999998, -0.15848099999999998, -0.15905199999999997, -0.15905199999999997, 0.237296, 0.20923599999999998, 0.289234, 0.289258, 0.340023, 0.340023, 0.290025, 0.260014, 0.210036, 0.210036, -0.030200000000000005, 0.127166, 0.127166, 0.127166, 0.20774400000000004, 0.25774199999999997, 0.25774199999999997, 0.17780700000000005, 0.19782500000000003, 0.19782500000000003, 0.394333, 0.3658179999999999, 0.285821, 0.335823, 0.335823, 0.235823, 0.235823, 0.255483, 0.235398, 0.20544399999999996, -0.06454000000000004, -0.11638000000000004, -0.11672199999999999, -0.08615300000000004, -0.07674899999999996, -0.07674899999999996, -0.10674700000000004, -0.20678200000000002, -0.20678200000000002, -0.15678499999999995, 0.339165, 0.311067, 0.261069, 0.291068, 0.291068, 0.291068, 0.291068, 0.241641, 0.26164, 0.261069, -0.039435, -0.10140700000000002, -0.10083600000000004, -0.10083600000000004, -0.10083600000000004, -0.10083600000000004, -0.17140200000000005, -0.17140200000000005, -0.17140200000000005, -0.20140000000000002, 0.22450199999999998, 0.11630399999999996, -0.04290099999999997, 0.00709700000000002, 0.087094, 0.116506, 0.146505, 0.17650299999999997, 0.17648699999999995, 0.17648699999999995, -0.09359899999999999, -0.02586200000000005, -0.10585699999999998, -0.15585400000000005, -0.125286, -0.125286, -0.125286, -0.10585699999999998, -0.13585599999999998, -0.10585699999999998, 0.289578, 0.292315, 0.352305, 0.222323, 0.222323, 0.24197999999999997, 0.21198099999999998, 0.21198099999999998, 0.131984, 0.131984, -0.15720000000000955, -0.029384999999999994, -0.07977299999999998, -0.15919700000000003, -0.23919400000000002, -0.269193, -0.29942, -0.269421, -0.23942200000000002, -0.23942200000000002, 0.15670700000000004, 0.15861800000000004, 0.10864200000000002, 0.238637, 0.23920799999999998, 0.23920799999999998, 0.23920799999999998, 0.23920799999999998, 0.20955199999999996, 0.208638, -0.21176000000000006, -0.183361, -0.163933, -0.163933, -0.163705, -0.24370000000000003, -0.24370000000000003, -0.19370299999999996, -0.22311599999999998, -0.03372799999999998, 0.331855, 0.273974, 0.244887, 0.244887, 0.293777, 0.263759, 0.283762, 0.20376399999999995, 0.18376499999999996, 0.18376499999999996, -0.16619999999999568, -0.10841, -0.13809499999999997, -0.218661, -0.218661, -0.218661, -0.218661, -0.218661, -0.218661, -0.13843799999999995, 0.257388, 0.229118, 0.19911900000000005, 0.229118, 0.19911900000000005, 0.19999100000000003, 0.14945399999999998, 0.09911400000000004, 0.04934399999999994, -0.010996000000000006, -0.30142, -0.20274199999999998, -0.20331200000000005, -0.20331200000000005, -0.20331200000000005, -0.17308599999999996, -0.20308400000000004, -0.20308400000000004, -0.20308400000000004, -0.15308699999999997, 0.18236699999999995, 0.134563, 0.114537, 0.094835, 0.15482200000000002, 0.204859, 0.15484200000000004, 0.12452699999999994, 0.04450299999999996, -0.03544899999999995, -0.32519999999999993, -0.196971, -0.09697, -0.04697300000000004, -0.097198, -0.06754199999999999, -0.097198, -0.097198, -0.17776400000000003, -0.17776400000000003, 0.247471, 0.270001, 0.240002, 0.240344, 0.270343, 0.270343, 0.17091800000000001, 0.17091800000000001, 0.09092100000000003, 0.09092100000000003, -0.2282000000000075, -0.20122399999999996, -0.252119, -0.25246199999999996, -0.25246199999999996, -0.25246199999999996, -0.25246199999999996, -0.251891, -0.25246199999999996, -0.25246199999999996, 0.11313700000000004, 0.14556199999999997, 0.14613299999999996, 0.06555500000000003, 0.005900000000000016, -0.014695000000000014, -0.014695000000000014, -0.034653000000000045, -0.11407900000000004, -0.19407399999999997, -0.5362000000000002, -0.46802999999999995, -0.3581000000000001, -0.278146, -0.19815099999999997, -0.19815099999999997, -0.19815099999999997, -0.148154, -0.17815199999999998, -0.17815199999999998, 0.18742400000000004, 0.21984900000000002, 0.21984900000000002, 0.21984900000000002, 0.21984900000000002, 0.18984999999999996, 0.08982599999999996, 0.039854999999999974, 0.13982300000000003, 0.13982300000000003, -0.16066899999999995, -0.08240599999999998, -0.16242900000000005, -0.18242800000000003, -0.18242800000000003, -0.18242800000000003, -0.18242800000000003, -0.212426, -0.19242700000000001, -0.162771, 0.233537, 0.28616199999999997, 0.266133, 0.24670399999999998, 0.24670399999999998, 0.24613400000000002, 0.24613400000000002, 0.24613400000000002, 0.116089, 0.09609000000000001, -0.30559000000000003, -0.256984, -0.18699100000000002, -0.217206, -0.2971999999999999, -0.25786000000000007, -0.22786000000000004, -0.24797999999999996, -0.26807999999999996, -0.24805000000000006, -0.05181599999999997, -0.07940899999999995, -0.07960999999999996, -0.07901000000000002, -0.15900499999999995, -0.15897700000000003, -0.23902800000000002, -0.34922999999999993, -0.24922999999999993, -0.3295199999999999, -0.3195499999999999]
y2_c=[-0.5030000000000072, -0.4530000000000072, -0.4150000000000077, -0.3200000000000031, -0.2600000000000031, -0.2169999999999888, -0.2169999999999888, -0.1879999999999981, -0.179999999999994, -0.379999999999994, 0.180540000000000003, -0.09939700000000001, -0.09939700000000001, -0.09939700000000001, -0.09939700000000001, -0.099433, -0.09939700000000001, -0.09939100000000001, -0.09938599999999997, -0.09938599999999997, -0.08011099999999999, -0.08011099999999999, -0.080073, -0.08008300000000002, -0.08008300000000002, -0.100107, -0.10012300000000002, -0.10012300000000002, -0.09989399999999998, -0.09989399999999998, -0.259256, -0.13983800000000002, -0.139899, -0.10989900000000002, -0.140258, -0.140258, -0.140281, -0.11029499999999998, -0.160317, -0.160317, 0.16, 0.08076, 0.08076, 0.08076, 0.050522999999999985, 0.05054500000000001, 0.05054500000000001, -0.10948799999999997, -0.15947899999999998, -0.15947899999999998, -0.318451, -0.138924, -0.13890000000000002, -0.138886, -0.138886, -0.138886, -0.138886, -0.138725, -0.23870799999999998, -0.18860400000000005, 0.161432, 0.162021, 0.162158, 0.161976, 0.132154, 0.132154, 0.132177, 0.082254, 0.082254, 0.08221600000000001, -0.12801600000000002, -0.11877199999999999, -0.11874699999999999, -0.11876199999999998, -0.11876199999999998, -0.11876199999999998, -0.11876199999999998, -0.11896699999999999, -0.11895899999999998, -0.11873, 0.2612067, 0.152004, 0.151774, 0.151774, 0.151774, 0.151774, 0.152015, 0.152015, 0.152015, 0.152038, -0.09758699999999998, -0.128044, -0.098406, -0.098387, -0.09835699999999997, -0.12814199999999998, -0.128158, -0.12817299999999998, -0.15817199999999998, -0.15817199999999998, 0.19178499999999998, 0.142891, 0.142958, 0.14299900000000001, 0.142771, 0.142771, 0.142771, 0.143028, 0.143053, 0.143028, -0.136355, -0.12730000000000002, -0.15731299999999998, -0.10728500000000002, -0.10728500000000002, -0.10715200000000003, -0.10713, -0.10713, -0.10707099999999997, -0.10707099999999997, 0.163, 0.053792000000000006, -0.07605899999999999, -0.09625600000000001, -0.096269, -0.09627400000000003, -0.096161, -0.09616599999999997, -0.09617199999999998, -0.09617199999999998, -0.30538800000000005, -0.155993, -0.10597299999999998, -0.10602499999999998, -0.10625400000000002, -0.10625400000000002, -0.10625400000000002, -0.10625400000000002, -0.106406, -0.106039, 0.2230861, 0.143724, 0.143976, 0.143976, 0.143868, 0.143924, 0.143924, 0.143889, 0.013656000000000001, -0.08614699999999997, -0.386214, -0.306916, -0.307252, -0.307252, -0.11682399999999998, -0.146806, -0.14675899999999997, -0.14671299999999998, -0.14670100000000003, -0.14670100000000003, 0.183, 0.203689, 0.153568, 0.153825, 0.153825, 0.153825, 0.153825, 0.153825, 0.153825, 0.153688, -0.12568800000000002, -0.10626799999999997, -0.106244, -0.10626799999999997, -0.106244, -0.206594, -0.10639599999999999, -0.10622900000000002, -0.10628199999999999, -0.106103, 0.2639502, 0.154556, 0.154829, 0.154829, 0.154829, 0.154686, 0.154709, 0.154709, 0.154709, 0.154671, -0.12437700000000002, -0.09501399999999999, -0.124996, -0.175116, -0.20513600000000004, -0.105153, -0.15513700000000002, -0.12498900000000002, -0.154922, -0.10485499999999998, 0.2550039, 0.195879, 0.145901, 0.145911, 0.145977, 0.14611, 0.145993, 0.145993, 0.14626, 0.14626, -0.16332400000000002, -0.11432900000000001, -0.11430699999999999, -0.11446, -0.11446699999999999, -0.11446699999999999, -0.11471799999999999, -0.11471799999999999, -0.11477100000000001, -0.11477100000000001, 0.124, 0.21527580000000002, 0.165641, 0.165763, 0.165763, 0.165763, 0.165763, 0.165533, 0.165763, 0.165763, -0.083397, -0.094306, -0.09453499999999998, -0.11427100000000001, -0.11439899999999997, -0.14419700000000002, -0.14419700000000002, -0.09418199999999999, -0.09437699999999999, -0.124386, 0.23300000000001114, 0.28608290000000003, 0.206003, 0.155943, 0.155881, 0.155881, 0.155881, 0.155842, 0.155865, 0.155865, -0.093327, -0.10423900000000003, -0.10423900000000003, -0.10423900000000003, -0.10423900000000003, -0.10422399999999998, -0.15417199999999998, -0.10414699999999999, -0.15419699999999997, -0.15419699999999997, 0.22574919999999998, 0.12657, 0.07661000000000001, 0.07662, 0.07662, 0.07662, 0.07662, 0.07663500000000001, 0.076625, 0.07674800000000001, -0.032615000000000005, -0.06390000000000001, -0.11388799999999999, -0.11408000000000001, -0.11408000000000001, -0.11385099999999998, -0.11385099999999998, -0.11385099999999998, -0.19377700000000003, -0.19376600000000005, 0.445585, 0.2862524, 0.2362532, 0.2663272, 0.2663547, 0.196658, 0.19662200000000002, 0.09664700000000001, 0.01667200000000002, 0.036768999999999996, -0.12285400000000002, 0.026444000000000023, 0.176581, 0.2263941, 0.2264368, 0.2764363, 0.176479, 0.30668607, 0.30668607, 0.33690370000000003, 0.297129]
z2_c=[0.6079999999999928, 0.5170000000000073, 0.5730000000000132, 0.5429999999999894, 0.4029999999999894, 0.340000000000037, 0.259999999999991, 0.2169999999999903, 0.1799999999999898, -0.10799999999999898, -0.023625000000000007, -0.027481000000000005, -0.027481000000000005, -0.027481000000000005, -0.027481000000000005, -0.025381000000000015, -0.027481000000000005, -0.02798500000000001, -0.028489000000000014, -0.1328489000000000014, -0.04881000000000002, -0.04881000000000002, -0.048266, -0.048402, -0.048402, -0.048647000000000024, -0.04885700000000001, -0.04885700000000001, 0.0011439999999999784, 0.0011439999999999784, 0.16367500000000001, 0.013084999999999986, 0.013363999999999987, 0.013242999999999977, -0.05642, -0.05642, -0.056594000000000005, -0.056836, -0.056808, -0.056808, -0.18199999999999933, -0.006623000000000018, -0.006623000000000018, -0.006623000000000018, -0.055897, -0.05555600000000002, -0.05555600000000002, -0.055316000000000004, -0.05498, -0.05498, 0.10713899999999998, -0.013696000000000014, -0.013976000000000016, -0.014151999999999998, -0.014151999999999998, -0.014151999999999998, -0.014151999999999998, 0.015567999999999999, 0.015904, 0.015375, -0.1762025, -0.016632000000000008, 0.01336699999999999, -0.03636800000000001, 0.01383899999999999, 0.01383899999999999, 0.013591999999999993, 0.013040999999999997, 0.013040999999999997, 0.013408999999999976, 0.17742799999999997, -0.0027490000000000014, -0.002942, -0.002827000000000024, -0.002827000000000024, -0.002827000000000024, -0.002827000000000024, -0.05302000000000001, -0.05294300000000002, -0.002943000000000001, -0.16528610000000002, 0.014601999999999976, -0.03539500000000001, -0.03539500000000001, -0.03539500000000001, -0.03539500000000001, 0.014000999999999986, 0.014000999999999986, 0.014000999999999986, 0.013743999999999978, 0.178512, 0.018183999999999978, -0.052562, -0.05235100000000001, -0.052013000000000004, -0.0017490000000000006, -0.0016380000000000006, -0.0015270000000000006, -0.0013890000000000013, -0.0013890000000000013, -0.19310895, 0.017655999999999977, 0.016981999999999997, 0.016560999999999992, -0.03318500000000002, -0.03318500000000002, -0.03318500000000002, 0.016981999999999997, 0.016728999999999994, 0.016981999999999997, 0.211715, -0.018274000000000012, -0.01793, -0.01864300000000002, -0.01864300000000002, 0.011437999999999976, 0.011315999999999993, 0.011315999999999993, 0.010991, 0.010991, -0.1689999999999941, -0.019395000000000023, 0.010857999999999979, -0.03939300000000001, -0.03973400000000002, -0.03986100000000001, -0.019989000000000007, -0.019861000000000018, -0.019734, -0.019734, 0.143011, -0.007598000000000021, -0.007987000000000022, -0.007500000000000007, -0.05750000000000002, -0.05750000000000002, -0.05750000000000002, -0.05750000000000002, -0.087623, -0.007622000000000018, -0.1710934, -0.020509, 0.02965799999999999, 0.02965799999999999, 0.009659000000000001, 0.008982999999999991, 0.008982999999999991, 0.009405999999999998, -0.04019800000000001, 0.011216999999999977, 0.174172, -0.006226000000000009, -0.086248, -0.086248, 0.0029879999999999907, 0.003008999999999984, 0.0027389999999999914, 0.002468999999999999, 0.0024019999999999875, 0.0024019999999999875, -0.1900000000000091, 0.0005049999999999777, -0.02956700000000001, 0.019741999999999982, 0.019741999999999982, 0.019741999999999982, 0.019741999999999982, 0.019741999999999982, 0.019741999999999982, 0.00043199999999998795, 0.165223, 0.014990999999999977, 0.014867999999999992, 0.014990999999999977, 0.014867999999999992, -0.064718, -0.015292, 0.014503999999999989, -0.005700000000000011, 0.024054999999999993, -0.1381601, -0.016723000000000016, 0.033274, 0.033274, 0.033274, 0.01353399999999999, 0.013274999999999981, 0.013274999999999981, 0.013274999999999981, 0.013706999999999997, 0.208264, 0.01793499999999998, 0.017986999999999975, -0.011885000000000007, -0.011590000000000017, -0.01188800000000001, -0.011863000000000012, 0.017903000000000002, 0.017739999999999978, 0.01722599999999999, -0.19498751, -0.04334400000000002, -0.04222300000000001, -0.041799, -0.02222400000000002, 0.008029999999999982, -0.02222400000000002, -0.02222400000000002, 0.02709599999999998, 0.02709599999999998, 0.22209799999999996, 0.011943999999999982, 0.011825999999999975, -0.018175000000000024, -0.018056000000000016, -0.018056000000000016, -0.06845000000000001, -0.06845000000000001, -0.06876500000000002, -0.06876500000000002, -0.08900000000001002, -0.10070890000000002, -0.020925, 0.009073999999999999, 0.009073999999999999, 0.009073999999999999, 0.009073999999999999, -0.040924000000000016, 0.009073999999999999, 0.009073999999999999, 0.203691, -0.006120000000000014, -0.05612, -0.006301000000000001, -0.036538000000000015, 0.013521999999999978, 0.013521999999999978, 0.013249999999999984, -0.037093000000000015, -0.037299, -0.2, 0.010937000000000002, 0.012437999999999977, 0.013402999999999998, 0.014095999999999997, 0.014095999999999997, 0.014095999999999997, 0.014527999999999985, 0.014268999999999976, 0.014268999999999976, 0.20882299999999998, -0.0009930000000000216, -0.0009930000000000216, -0.0009930000000000216, -0.0009930000000000216, -0.0011170000000000069, -0.0012550000000000061, -0.0016470000000000096, -0.0010490000000000221, -0.0010490000000000221, -0.1632071, -0.0020620000000000083, -0.0024580000000000157, -0.002604000000000023, -0.002604000000000023, -0.002604000000000023, -0.002604000000000023, -0.002822000000000019, -0.0026760000000000117, 0.027540999999999982, 0.241108, 0.001455999999999985, 0.00156199999999998, -0.048517000000000005, -0.048517000000000005, 0.0014829999999999843, 0.0014829999999999843, 0.0014829999999999843, 0.0014069999999999916, 0.001355999999999996, -0.1624942, -0.03113100000000002, -0.030154000000000014, -0.01059400000000002, -0.011441000000000007, 0.038329999999999975, 0.03861099999999998, 0.038829999999999976, 0.039019, 0.03840299999999999, 0.20187899999999998, 0.021084999999999993, 0.050483, 0.0002989999999999937, -0.0004920000000000202, -0.0006770000000000109, -0.0010270000000000001, 0.02726299999999998, 0.02726299999999998, 0.05621999999999999, -0.10823320000000002]
plt.plot(cnt,y2_c,color = 'g',label="roll")#o-:圆形
plt.plot(cnt,x2_c,color = 'r',label="pitch")#s-:方形
plt.plot(cnt,z2_c,color = 'b',label="yaw")#o-:正三角
plt.xlabel("Counts")#横坐标名字
plt.ylabel("Degrees")#纵坐标名字
plt.legend(loc = "best")#图例
plt.show()





#refine 1
import matplotlib.pyplot as plt # edge_features, not filter, 1 1 -1, 57dataset 35img
cnt=[0,1,2,3,4,5,6,7,8,9,10,11,12,13,14,15,16,17,18,19,20,21,22,23,24,25,26,27,28,29,30,31,32,33,34,35,36,37,38,39,40,41,42,43,44,45,46,47,48,49,50,51,52,53,54,55,56,57,58,59,60,61,62,63,64,65,66,67,68,69,70,71,72,73,74,75,76,77,78,79,80,81,82,83,84,85,86,87,88,89,90,91,92,93,94,95,96,97,98,99,100,101,102,103,104,105,106,107,108,109,110,111,112,113,114,115,116,117,118,119,120,121,122,123,124,125,126,127,128,129,130,131,132,133,134,135,136,137,138,139,140,141,142,143,144,145,146,147,148,149,150,151,152,153,154,155,156,157,158,159,160,161,162,163,164,165,166,167,168,169,170,171,172,173,174,175,176,177,178,179,180,181,182,183,184,185,186,187,188,189,190,191,192,193,194,195,196,197,198,199,200,201,202,203,204,205,206,207,208,209,210,211,212,213,214,215,216,217,218,219,220,221,222,223,224,225,226,227,228,229,230,231,232,233,234,235,236,237,238,239,240,241,242,243,244,245,246,247,248,249,250,251,252,253,254,255,256,257,258,259,260,261,262,263,264,265,266,267,268,269,270,271,272,273,274,275,276,277,278,279,280,281,282,283,284,285,286,287,288,289,290,291,292,293,294,295,296,297,298,299,300,301,302,303,304,305,306,307,308,309,310,311,312,313,314,315,316,317,318,319,320,321,322,323,324,325,326,327,328,329,330,331,332,333,334,335,336,337,338,339,340,341,342,343,344,345,346,347,348,349,350,351,352,353,354,355,356,357,358,359,360,]
x2_c=[-2.37694,-2.37702,-0.417435,-0.24737,-0.277369,-0.277369,-0.277369,-0.567018,-0.567018,-0.56736,-0.0581422,-0.288852,-0.348868,-0.348183,-0.348183,-0.348183,-0.468515,-0.668509,-0.63851,-0.868517,177.807,177.207,177.207,177.328,177.328,179.156,-179.359,-179.359,-179.359,-179.481,-0.851515,-0.851635,-0.880939,-0.880939,-0.910938,-0.910936,-0.910936,-0.940935,-0.910936,-0.910936,177.963,-0.720078,-0.720078,-0.600082,-0.720077,-0.840073,-0.840073,-0.840073,-0.600054,-0.600054,-0.186106,-0.41346,-0.443434,-0.413778,-0.383779,-0.553773,-0.553773,-0.753585,-0.8135,-0.8135,179.024,-1.1039,-1.07395,-0.933278,-0.903622,-0.503631,-0.563628,-0.593626,-0.593727,-0.593727,-0.544933,0.470321,0.440665,0.440623,0.180262,0.180262,0.180262,0.180262,0.180262,0.18029,179.401,179.657,179.659,179.659,179.659,-179.723,-179.723,-179.723,-179.723,-179.723,-0.972429,-1.00275,-1.00241,-0.972413,-0.972413,-0.94274,-0.94274,-1.31307,-1.31274,-1.25274,177.943,176.456,176.217,176.217,176.217,176.097,176.096,176.217,176.095,-0.935558,-0.173288,0.238898,0.238898,0.499903,0.469904,0.469904,0.499187,0.468845,0.26885,0.26885,179.769,-0.377595,-0.437935,-0.437935,-1.34824,-1.34824,-1.34858,-1.08826,-1.14858,-0.578605,0.294896,-0.29654,-0.29654,-0.266883,-0.297224,-0.357222,-0.357222,-0.357222,-0.776523,-0.776511,178.157,-0.606492,-0.376517,-0.8175,-0.8175,-0.787501,-0.757502,-0.527169,-0.526484,-0.526484,-0.757552,-0.607484,-0.697138,-0.637825,-0.637825,-0.637825,-0.607826,-0.607826,-0.807845,-0.837818,178.011,-2.87919,-2.27785,-0.275602,-0.275602,-0.905924,-0.906266,-0.935923,-0.935923,-0.935923,-0.306354,-0.41628,-0.816608,-0.906605,-0.936604,-0.936604,-0.706616,-0.646958,-0.646958,-0.276985,178.621,-0.770721,-0.649356,-0.649356,-0.619349,-0.619349,-0.649348,-0.619342,-0.819344,-0.819344,-0.170353,-0.776578,-0.776604,-0.776604,-0.776604,-0.776604,-0.776604,-0.776604,-0.746605,-0.71658,178.159,-1.24531,-1.27534,-1.27534,-1.41502,-1.41502,-1.27467,-1.04468,-1.04468,-0.925025,-0.246405,-0.117067,0.0232714,0.0232714,0.0232714,0.022929,-0.637037,-0.896685,-0.896685,-0.896685,177.978,175.985,175.99,175.99,175.99,-1.90655,-0.816253,-0.816253,-0.786282,-0.786254,-0.0475606,0.967271,0.587134,0.527136,0.407043,0.407043,0.236707,0.266706,0.266706,0.266706,-179.862,-1.36949,-1.30917,-0.909531,-0.479547,-0.67954,-0.67954,-0.67954,-0.67954,-0.479547,0.548688,0.318764,0.288692,0.288692,0.228657,0.228657,0.198658,0.198658,0.168659,0.228657,179.127,-0.751692,-0.381704,-0.381704,-0.381704,-0.381704,-0.551698,-0.752034,-0.751692,-0.381704,-0.0613613,0.208702,0.208702,0.26975,0.270092,0.26975,-0.190601,-0.160602,-0.160602,-0.160602,178.738,-178.223,-178.347,-178.587,-178.712,-178.713,-178.586,-178.465,-178.205,-178.33,-177.84,-177.84,-177.871,-177.961,-177.991,1.97832,2.11824,-177.851,1.42745,1.2572,179.346,177.351,177.599,177.599,177.847,177.974,177.847,178.111,173.856,173.856,175.27,175.238,173.469,173.555,175.094,174.882,174.824,175.181,176.575,177.438,179.945,179.945,179.976,179.885,179.727,179.672,179.981,-179.895,179.597,179.83,-179.196,-179.836,179.885,179.917,179.804,-179.999,-179.115,-178.932,-178.451,-178.438,-177.653,-177.846,-177.02,-176.656,-176.457,-176.253,-176.253,-177.506,-177.671,-177.549,-177.317,-177.32,-177.318,-178.269,-178.42,-179.303,-179.193,-177.601,-176.977,-176.393,-177.814,]
y2_c=[1.3107,1.81069,-0.669619,-0.469677,-0.469666,-0.469666,-0.469666,-0.469754,-0.469754,-0.469632,-1.1298,-0.385379,-0.445363,-0.445654,-0.445654,-0.445654,-0.475596,-0.475651,-0.475643,-0.41571,179.761,-179.718,-179.718,-179.721,-179.721,-179.538,-179.466,-179.466,-179.466,-179.462,-0.40664,-0.526638,-0.406886,-0.406886,-0.406889,-0.436889,-0.436889,-0.436892,-0.436889,-0.436889,179.748,-0.398762,-0.398762,-0.398726,-0.398762,-0.398799,-0.398799,-0.398799,-0.518725,-0.518725,-1.51697,-0.512543,-0.452533,-0.452406,-0.452433,-0.452283,-0.452283,-0.252111,-0.162061,-0.162061,179.224,-0.0947802,-0.154806,-0.155225,-0.155083,-0.125257,-0.125229,-0.125216,-0.325214,-0.325214,-0.97776,-0.472764,-0.472929,-0.44293,-0.413159,-0.413159,-0.413159,-0.413159,-0.413159,-0.443158,179.949,-179.554,-179.554,-179.554,-179.554,-179.575,-179.575,-179.575,-179.575,-179.575,-0.412573,-0.382436,-0.382574,-0.412573,-0.412573,-0.382468,-0.382468,-0.38214,-0.412277,-0.412307,179.745,-179.714,-179.709,-179.709,-179.709,-179.707,-179.707,-179.709,-179.707,-0.404226,-1.52819,-0.52223,-0.52223,-0.492536,-0.492585,-0.492585,-0.462278,-0.492141,-0.492151,-0.492151,179.82,-0.435519,-0.43542,-0.43542,-0.435716,-0.435716,-0.435579,-0.465876,-0.435717,-0.43608,-1.3922,-0.379816,-0.379816,-0.379667,-0.379526,-0.379487,-0.379487,-0.379487,-0.409408,-0.439408,179.748,-0.472981,-0.44283,-0.412414,-0.412414,-0.41244,-0.412467,-0.412811,-0.413055,-0.413055,-0.431083,-0.42572,-0.42586,-0.425588,-0.425588,-0.425588,-0.425614,-0.425614,-0.455444,-0.425419,179.762,-0.368385,-0.370856,-0.463357,-0.463357,-0.433554,-0.433416,-0.433539,-0.433539,-0.433539,-0.435501,-0.431207,-0.431318,-0.431332,-0.431337,-0.431337,-0.401302,-0.431156,-0.431156,-0.461302,179.768,-0.398901,-0.399665,-0.399665,-0.429655,-0.429655,-0.429664,-0.459655,-0.429718,-0.429718,-1.09145,-0.467649,-0.497649,-0.497649,-0.497649,-0.497649,-0.497649,-0.497649,-0.497673,-0.467697,179.748,-0.3974,-0.42737,-0.42737,-0.457353,-0.457353,-0.427557,-0.427547,-0.427547,-0.427531,-1.12055,-0.496248,-0.466464,-0.466464,-0.466464,-0.466327,-0.436045,-0.436095,-0.436095,-0.436095,179.747,-179.71,-179.708,-179.708,-179.708,-0.399322,-0.400886,-0.400886,-0.430912,-0.400912,-1.09527,-0.589581,-0.500205,-0.500304,-0.440504,-0.440504,-0.440651,-0.440617,-0.440617,-0.440617,179.903,-0.392809,-0.42297,-0.422878,-0.423182,-0.423039,-0.423039,-0.423039,-0.423039,-0.423182,-0.522066,-0.517991,-0.458029,-0.458029,-0.428106,-0.428106,-0.428144,-0.428144,-0.428182,-0.428106,179.737,-0.450569,-0.450698,-0.450698,-0.450698,-0.450698,-0.450638,-0.450447,-0.450585,-0.450714,-0.427793,-0.422447,-0.422447,-0.452748,-0.452885,-0.452748,-0.423205,-0.423181,-0.423181,-0.423181,179.701,-179.388,-179.504,-179.496,-179.612,-179.613,-179.376,-179.379,-179.387,-179.504,-179.665,-179.605,-179.834,-179.834,-179.834,-0.165738,-0.135385,-179.865,-0.0771546,0.0925753,178.665,178.723,178.837,178.837,178.95,179.065,178.948,178.998,179.009,179.009,179.993,179.964,179.026,178.882,179.972,179.578,179.581,179.449,179.901,179.369,177.676,177.676,177.673,177.696,177.805,177.579,176.739,176.727,176.781,176.789,177.792,177.778,177.294,177.322,177.21,177.162,177.082,177.234,176.813,176.825,177.322,177.177,177.838,177.761,177.708,177.712,177.712,178.885,178.53,178.515,-178.984,-178.985,-178.985,-179.595,-179.808,-179.787,-179.978,179.893,-179.498,179.399,-179.882,]
z2_c=[0.159031,0.156737,0.188699,0.189027,0.188931,0.188931,0.188931,0.157997,0.157997,0.187998,1.06811,0.183961,0.183986,0.123986,0.123986,0.123986,0.153718,0.153096,0.153189,0.152182,178.809,178.547,178.547,178.428,178.428,178.317,178.203,178.203,178.203,178.323,0.223306,0.223857,0.163223,0.163223,0.163093,0.163215,0.163215,0.163101,0.163215,0.163215,178.883,0.151966,0.151966,0.152501,0.151966,0.151432,0.151432,0.151432,0.153051,0.153051,1.06706,0.190373,0.190023,0.220129,0.220235,0.219637,0.219637,0.218014,0.217118,0.217118,179.213,0.220392,0.22096,0.162183,0.192443,0.195804,0.19525,0.194973,0.19589,0.19589,1.11086,0.115963,0.0858674,0.0857302,0.11462,0.11462,0.11462,0.11462,0.11462,0.114758,178.641,178.389,178.269,178.269,178.269,178.391,178.391,178.391,178.391,178.391,0.169632,0.199368,0.169368,0.169647,0.169647,0.199668,0.199668,0.227913,0.198051,0.198304,178.893,179.145,179.024,179.024,179.024,179.023,179.143,179.024,179.263,0.161462,1.04175,0.166569,0.166569,0.0770906,0.077006,0.077006,0.13697,0.167023,0.166458,0.166458,179.238,0.118506,0.148277,0.148277,0.174063,0.174063,0.204064,0.175176,0.204826,0.206996,1.14508,0.146063,0.146063,0.176207,0.206063,0.205776,0.205776,0.205776,0.143852,0.143989,178.864,0.131283,0.131904,0.220051,0.220051,0.220177,0.220304,0.191273,0.131272,0.131272,1.06775,0.188286,0.157928,0.218167,0.218167,0.218167,0.218287,0.218287,0.217611,0.217369,179.446,0.446844,0.32982,0.140058,0.140058,0.167826,0.197827,0.167711,0.167711,0.167711,1.01272,0.132239,0.160685,0.160351,0.160234,0.160234,0.161022,0.191409,0.191409,0.192985,179.393,0.270732,0.151265,0.151265,0.151536,0.151536,0.151418,0.151673,0.150873,0.150873,1.0902,0.215227,0.21538,0.21538,0.21538,0.21538,0.21538,0.21538,0.215462,0.215406,178.846,0.22655,0.226553,0.226553,0.196121,0.196121,0.166448,0.167357,0.167357,0.197832,1.07708,0.194693,0.164925,0.164925,0.164925,0.194925,0.192608,0.161618,0.161618,0.161618,178.881,179.226,178.846,178.846,178.846,0.244399,0.2192,0.2192,0.21947,0.219348,1.06842,0.0758208,0.0747642,0.0746032,0.0739444,0.0739444,0.103312,0.103423,0.103423,0.103423,179.207,0.207005,0.177401,0.209014,0.210748,0.209942,0.209942,0.209942,0.209942,0.210748,0.977962,0.0971145,0.0967689,0.0967689,0.0964265,0.0964265,0.0963082,0.0963082,0.0961899,0.0964265,179.186,0.188736,0.19005,0.19005,0.19005,0.19005,0.189446,0.218736,0.188736,0.19005,1.06291,0.183946,0.183946,0.0942928,0.0642924,0.0942928,0.122526,0.122647,0.122647,0.122647,179.212,178.225,178.224,178.223,178.343,178.463,178.463,178.343,178.343,178.463,179.966,179.966,179.935,179.995,179.994,0.0240047,0.0250453,179.995,0.0798529,0.0774672,178.959,178.519,178.168,178.168,177.816,177.65,177.886,177.724,178.385,178.414,178.592,178.682,177.884,177.656,178.459,178.454,178.343,178.229,177.998,177.766,175.612,175.612,175.583,173.939,173.821,173.817,174.002,173.651,174.496,174.452,175.622,176.159,176.505,176.507,175,175.012,174.446,174.659,173.066,172.071,172.222,172.21,172.995,173.013,172.653,172.494,172.494,172.94,172.553,172.317,172.242,172.482,172.362,171.742,171.361,170.974,171.034,172.441,171.588,171.103,170.806,]
plt.plot(cnt,y2_c,color = 'g',label="roll")#o-:圆形
plt.plot(cnt,x2_c,color = 'r',label="pitch")#s-:方形
plt.plot(cnt,z2_c,color = 'b',label="yaw")#o-:正三角
plt.xlabel("Counts")#横坐标名字
plt.ylabel("Degrees")#纵坐标名字
plt.legend(loc = "best")#图例
plt.show()

#refine3
import matplotlib.pyplot as plt # edge_features, not filter, 1 1 -1, 57dataset 35img
cnt=[0,1,2,3,4,5,6,7,8,9,10,11,12,13,14,15,16,17,18,19,20,21,22,23,24,25,26,27,28,29,30,31,32,33,34,35,36,37,38,39,40,41,42,43,44,45,46,47,48,49,50,51,52,53,54,55,56,57,58,59,60,61,62,63,64,65,66,67,68,69,70,71,72,73,74,75,76,77,78,79,80,81,82,83,84,85,86,87,88,89,90,91,92,93,94,95,96,97,98,99,100,101,102,103,104,105,106,107,]
pitch=[-0.330846,-0.350968,-0.350968,-0.232341,-0.232341,-0.232341,-0.232341,-0.232341,-0.235087,-0.649099,0.388979,0.0216309,-0.00858587,-0.208458,-0.208458,-0.208458,-0.298331,-0.298331,-0.298331,-0.298331,0.75561,1.49705,1.46705,1.46705,1.46705,1.46705,1.46705,1.46705,1.46705,1.46705,-0.219059,-0.279784,-0.279784,-0.279784,-0.249844,-0.249844,-0.249844,-0.279785,-0.279785,-0.279442,1.27583,1.1051,1.13511,-0.124404,-0.154746,-0.154746,-0.21528,-0.274462,-0.274462,-0.334359,0.852271,0.852271,0.750223,0.512417,0.512417,-0.0961552,0.40382,0.46309,0.343096,0.143742,-1.15664,-1.15664,-1.15854,-1.15854,-1.16045,-1.27631,-1.16164,-1.28162,-1.28302,-1.28302,0.526833,0.647227,0.617179,0.527184,0.527184,0.405823,0.376263,0.49749,0.0375866,0.398936,-0.333619,-1.08932,-1.02932,-1.26933,-1.26933,-1.2697,-1.26936,-1.20936,-0.379053,-0.379053,0.173635,0.233702,0.233357,0.234042,0.353921,0.413889,0.383549,0.213479,0.152813,-0.167013,-0.277123,-0.275679,-0.215663,-0.276006,-0.246345,0.703416,0.703416,1.10327,]
roll=[-0.99726,-0.996918,-0.996918,-0.999691,-0.999691,-0.999691,-0.999691,-0.999691,-1.0005,0.17015,-1.10531,-0.225085,-0.164871,-0.104468,-0.104468,-0.104468,-0.0442881,-0.0442881,-0.0442881,-0.0442881,1.66275,-0.336673,-0.336692,-0.336692,-0.336692,-0.336692,-0.336692,-0.336692,-0.336692,-0.336692,-0.0243961,-0.0540384,-0.0540384,-0.0540384,-0.0840944,-0.0840944,-0.0840944,-0.0540383,-0.0540383,-0.0541763,-0.468697,-0.498416,-0.498452,-0.116997,-0.116826,-0.116826,-0.0564214,0.00347726,0.00347726,0.0635733,-0.81129,-0.81129,0.190677,0.314927,0.314927,0.079131,0.0790055,0.0492331,0.0493924,0.27953,-0.389196,-0.389196,-0.509175,-0.509175,-0.629154,-0.62567,-0.868279,-0.865615,-0.866134,-0.866134,-0.0335815,0.206222,0.176271,0.176415,0.176415,0.177159,0.20713,0.086703,0.147181,0.146762,-0.492618,1.14076,1.17077,1.17073,1.17073,1.05085,1.05071,1.08072,0.650606,0.650606,0.152512,-0.0174373,-0.0472996,-0.0475584,0.0725614,0.102621,0.102728,0.272644,0.272951,0.563104,1.43725,1.49673,1.46675,1.49688,1.49701,0.866047,0.866047,0.695763,]
yaw=[-0.978923,-0.969648,-0.969648,-0.845407,-0.845407,-0.845407,-0.845407,-0.845407,-0.60549,0.277718,1.18358,0.186968,0.216625,0.215983,0.215983,0.215983,0.215424,0.215424,0.215424,0.215424,0.0462914,0.0630114,0.0630489,0.0630489,0.0630489,0.0630489,0.0630489,0.0630489,0.0630489,0.0630489,0.148432,0.208365,0.208365,0.208365,0.208614,0.208614,0.208614,0.208381,0.208381,0.178381,0.107328,0.168061,0.167939,0.164426,0.194349,0.194349,0.253888,0.193377,0.193377,0.192805,1.12726,1.12726,1.12151,1.11879,1.11879,0.113625,0.116627,0.177125,0.176466,0.14433,-0.809384,-0.809384,-0.809958,-0.809958,-0.8103,-1.17369,-1.17115,-1.17515,-1.05519,-1.05519,0.193351,0.192985,0.192876,0.192198,0.192198,0.31127,0.280901,0.162444,0.158629,0.0412197,-1.26835,0.0923656,0.0937001,0.0879375,0.0879375,0.118418,0.0884239,0.0896641,0.0788289,0.0788289,0.0711561,0.0728605,0.102998,0.0429975,0.0431551,0.0433713,0.0731782,0.0714132,0.130863,0.126047,0.199825,0.0796179,0.0816005,0.109625,0.140539,0.137538,0.137538,0.145528,]
plt.plot(cnt,roll,color = 'g',label="roll")#o-:圆形
plt.plot(cnt,pitch,color = 'r',label="pitch")#s-:方形
plt.plot(cnt,yaw,color = 'b',label="yaw")#o-:正三角
plt.xlabel("Counts")#横坐标名字
plt.ylabel("Degrees")#纵坐标名字
plt.legend(loc = "best")#图例
plt.show()


#refine4
import matplotlib.pyplot as plt # edge_features, not filter, 1 1 -1, 57dataset 35img
cnt=[0,1,2,3,4,5,6,7,8,9,10,11,12,13,14,15,16,17,18,19,20,21,22,23,24,25,26,27,28,29,30,31,32,33,34,35,36,37,38,39,40,41,42,43,44,45,46,47,48,49,50,51,52,53,54,55,56,57,58,59,60,61,62,63,64,65,66,67,68,69,70,71,72,73,74,75,76,77,78,79,80,81,82,83,84,85,86,87,88,89,90,91,92,93,94,95,96,97,98,99,100,101,102,103,104,105,106,107,108,109,110,111,112,113,114,115,116,117,118,119,120,121,122,123,124,125,126,127,128,129,130,131,132,133,134,135,136,137,138,139,140,141,142,143,144,145,146,147,148,149,150,151,152,153,154,155,156,157,158,159,160,161,162,163,164,165,166,167,168,169,170,171,172,173,174,175,176,177,178,179,180,181,182,183,184,185,186,187,188,189,190,191,192,193,194,195,196,197,198,199,200,201,202,203,204,205,206,207,208,209,]
pitch=[0.227285,0.22727,0.22727,0.576683,0.546343,0.146407,0.144727,0.145069,-0.28491,-0.513988,-0.0198936,-0.0198936,0.119883,0.0901458,0.0604891,0.490499,0.260594,0.320168,0.230226,0.230226,-0.0153539,-0.245375,-0.00568677,-0.0352685,0.36623,0.246238,0.245552,0.415805,0.414432,-0.964175,0.125302,0.155649,-0.966081,-1.16617,-1.16617,-1.30627,-1.10671,-1.04634,-0.956632,0.134207,-1.08097,-1.34151,-1.3111,-1.34144,-0.710555,0.525413,0.46514,0.469361,0.668225,0.63896,0.90377,0.8734,0.633415,0.632388,0.402061,0.432059,0.423304,0.434562,0.434562,0.463875,-0.013321,-0.013321,-0.013321,-0.013321,0.385497,0.415547,0.415547,0.354747,0.352015,0.231784,0.394939,0.395077,0.424981,0.394456,0.334459,0.212724,0.353611,0.473605,0.474974,0.474974,-0.345396,-1.3445,-1.3445,-1.37644,-0.896081,-0.896081,0.364289,0.363319,0.504907,0.534905,0.773885,0.368899,0.398893,0.367453,-0.0584634,0.0855662,0.0855662,0.0855662,0.257181,0.317177,1.35163,1.35163,1.15164,1.38367,1.50471,1.47437,0.974451,0.494197,0.494197,0.492828,0.98595,1.97838,1.55495,0.589215,0.589557,0.449563,0.0493317,0.169183,0.339517,0.709385,0.463934,0.343864,0.603822,0.543807,0.633821,0.173532,0.173532,0.0941737,-0.0258212,-0.425792,-1.35191,-1.35191,-1.09233,-1.59233,-1.83008,-1.59981,-0.97979,-1.10099,-1.10099,-0.139458,-0.222841,0.517125,0.393821,0.273826,0.15812,0.0381217,0.0381217,0.0381217,0.0367513,0.0974218,0.290884,0.650988,0.561321,0.561321,0.76234,0.701657,-0.418294,-0.0183282,-0.107984,0.0621303,-0.52808,-1.12889,-1.09957,-1.09821,-0.859694,-0.859694,-1.33973,-1.34111,-1.33675,-1.53843,0.136852,-0.243275,0.236723,0.235345,0.115116,0.115116,-0.00356269,1.26052,1.26052,0.26113,-1.44869,-1.44869,0.0511346,0.0511346,0.0511346,0.0511346,0.0511346,0.0511346,0.0511346,-0.308816,-0.894915,-0.0154299,0.10467,0.10467,0.10467,0.10467,0.10467,0.10467,-0.185632,-0.185632,-1.39548,-0.77543,-0.77543,-0.77543,-0.174024,-0.295388,-0.174024,-0.174024,0.0657786,-0.435622,]
roll=[0.179331,0.189333,0.189333,0.329847,0.239994,0.0398947,0.0105381,0.0103843,-0.189047,0.0109296,0.0830176,0.0830176,-0.0571679,-0.147279,-0.147392,-0.0875361,0.142538,0.0526262,0.112701,0.112701,0.185131,0.155397,-0.0848774,-0.0249801,0.114666,0.114394,0.114668,-0.115122,-0.114822,-0.234246,-0.875196,-0.875328,-0.375488,-0.435193,-0.435193,-0.494985,-0.555144,-0.525417,-0.495425,0.102612,0.630988,0.5519,0.46154,0.461747,0.65866,0.0343899,0.0950536,0.0940559,0.0343361,0.0641227,0.165057,0.135207,0.135675,0.136121,0.13682,0.136732,0.140361,0.255689,0.255689,0.255996,0.1535,0.1535,0.1535,0.1535,0.233216,0.263165,0.263165,0.293811,0.295177,0.416599,0.348457,0.28832,0.258228,0.0883212,0.0885064,-0.0305671,-0.0318249,-0.0322801,-0.0325826,-0.0325826,-0.331958,-0.711869,-0.711869,-0.711034,-0.471661,-0.471661,0.0221623,0.142463,0.141161,0.141135,0.424905,0.0623769,0.061849,0.00254715,-0.132663,0.00530372,0.00530372,0.00530372,0.0640264,0.0639864,0.879493,0.879493,0.880273,1.07869,1.10824,1.10836,0.60829,-0.0817554,-0.0817554,-0.0812036,-0.938699,-0.972576,-0.332862,-0.0867273,-0.0868651,-0.0867757,0.0836075,-0.0365256,-0.0368581,-0.207097,0.185855,0.045916,-0.0442047,-0.0741731,-0.0441891,-0.0138041,-0.0138041,-0.073889,-0.0738953,-0.193924,-0.00362608,-0.00362608,-0.263981,-0.263243,-0.0231967,-0.453046,-0.452634,-0.332166,-0.332166,-0.21257,-0.00689761,-0.00728093,-0.125855,-0.125287,-0.246375,-0.246561,-0.246561,-0.246561,-0.245761,-0.216053,-0.149415,-0.0297519,-0.0598365,-0.0598365,-0.0603006,-0.0600478,-0.0602158,0.0798549,0.109701,-0.0901772,1.10503,1.34369,1.34403,-0.707499,1.46459,1.46459,-2.4454,-2.44595,-2.44448,-2.64233,-1.33224,-1.33082,-1.45185,2.08888,2.2087,2.2087,-1.57172,0.593075,0.593075,0.0919477,-0.329188,-0.329188,0.171292,0.171292,0.171292,0.171292,0.171292,0.171292,0.171292,0.0511837,-0.257701,0.243177,0.123294,0.123294,0.123294,0.123294,0.123294,0.123294,0.0631847,0.0631847,-0.238725,-0.119005,-0.119005,-0.119005,0.000161043,0.000517974,-9.02065e-05,-9.02065e-05,0.120289,3.38575e-05,]
yaw=[-0.155672,-0.155716,-0.155716,-0.122815,-0.0926907,-0.0950964,0.0450384,0.015039,-0.0158417,-0.0774539,-0.00302148,-0.00302148,-0.00117743,-0.0308945,-0.0609938,-0.0598074,-0.0619639,-0.0311297,-0.0320467,-0.0320467,-0.0121309,-0.0140855,-0.0109267,-0.0413334,-0.209107,-0.21005,-0.150053,-0.147558,-0.0273045,-0.156461,-0.0877647,-0.118052,0.00481019,0.0052553,0.0052553,0.00575812,0.0340853,0.00369895,0.0332971,0.0626122,0.0857267,0.111846,0.0526661,0.0822455,0.122298,0.259902,0.319204,-0.0507861,0.0409406,-0.0193897,-0.0566489,-0.026775,-0.0287503,0.061246,0.0893487,0.0895962,0.859565,-0.140944,-0.140944,-0.0806384,-0.0769342,-0.0769342,-0.0769342,-0.0769342,0.0161423,0.0163028,0.0163028,0.0955319,0.335513,0.453633,0.126975,0.097268,0.0977323,0.0976083,0.0971639,0.216826,0.137572,0.138209,0.0182085,0.0182085,-0.0597837,-0.173512,-0.173512,-0.00329325,-0.00704265,-0.00704265,-0.010344,0.109355,-0.0294704,-0.0292206,1.10185,0.928933,0.929142,0.959229,0.387419,0.0977706,0.0977706,0.0977706,-0.0414907,-0.0410718,0.146145,0.146145,0.141901,-0.0239995,-0.111122,-0.0818854,-0.0921965,-0.063408,-0.063408,0.0565924,2.19606,2.42964,1.22928,-0.0125493,-0.0425495,-0.0431738,-0.0156949,-0.0142657,-0.0433775,-0.0412603,-0.0505059,-0.050915,-0.049515,-0.0496829,-0.0494095,-0.0219063,-0.0219063,-0.0821755,-0.0827243,-0.0847577,0.00115267,0.00115267,0.0054462,0.00481507,-0.117094,-0.116873,-0.118138,0.00156387,0.00156387,-0.117429,-0.051986,-0.0479901,0.191871,0.191431,-0.168467,-0.168655,-0.168655,-0.168655,-0.0486518,-0.108697,-0.0265844,-0.025713,-0.0560403,-0.0560403,-0.145077,-0.0853657,-0.0907572,-0.0894578,-0.120279,-0.117936,-0.199164,-0.21687,-0.156007,-0.275722,-0.149019,-0.149019,-0.429142,-0.309217,-0.688989,-0.701898,-0.286691,-0.301977,-0.282716,-0.162775,-0.16841,-0.16841,-0.293685,-0.138553,-0.138553,-0.148102,-0.0980667,-0.0980667,-0.0958111,-0.0958111,-0.0958111,-0.0958111,-0.0958111,-0.0958111,-0.0958111,-0.0979452,-0.137364,-0.135128,-0.133365,-0.133365,-0.133365,-0.133365,-0.133365,-0.133365,-0.105384,-0.105384,-0.0541923,-0.0534411,-0.0534411,-0.0534411,-0.170966,-0.051671,-0.170965,-0.170965,-0.169855,-0.053287,]
plt.plot(cnt,roll,color = 'g',label="roll")#o-:圆形
plt.plot(cnt,pitch,color = 'r',label="pitch")#s-:方形
plt.plot(cnt,yaw,color = 'b',label="yaw")#o-:正三角
plt.xlabel("Counts")#横坐标名字
plt.ylabel("Degrees")#纵坐标名字
plt.legend(loc = "best")#图例
plt.show()


import matplotlib.pyplot as plt
import numpy as np
x=np.arange(50)
x2=np.arange(50,100)
y1=[2.589109, 2.5874125, 2.606952, 2.554487, 2.523707, 2.5568515, 2.6449275, 2.577236, 2.5918365, 2.5507245, 2.5938565000000002, 2.5502795, 2.533426, 2.536337, 2.5460315, 2.562121, 2.595563, 2.625616, 2.612069, 2.702941, 2.662088, 2.674888, 2.6342594999999998, 2.6720185, 2.592511, 2.694175, 2.73617, 2.6748635, 2.6245485, 2.6909385, 2.675084, 2.658805, 2.6502660000000002, 2.6415525, 2.638142, 2.590278, 2.5816665, 2.618881, 2.564706, 2.6117165, 2.6714875, 2.5531455, 2.618812, 2.55383, 2.5574115, 2.6298545, 2.526706, 2.566416, 2.5910405, 2.6085165, 2.599723, 2.5939595, 2.6683335, 2.59, 2.611455, 2.642202, 2.6285265, 2.658576, 2.6453285, 2.6355684999999998, 2.6411485, 2.619565, 2.6336304999999998, 2.6034915, 2.635821, 2.6136365, 2.607542, 2.6341465, 2.612137, 2.6164555, 2.637755, 2.6222825, 2.6239555, 2.6253405, 2.63591, 2.630488, 2.636, 2.6367925, 2.6415585, 2.62125, 2.7108755, 2.630536, 2.611702, 2.6253195, 2.633053, 2.62894, 2.6, 2.600536, 2.604348, 2.6281725, 2.6267775, 2.6174035, 2.61126, 2.6121495, 2.604534, 2.637037, 2.637647, 2.622328, 2.6155915, 2.593496]
y2=[3.410891, 3.4125875, 3.393048, 3.445513, 3.476293, 3.4431485, 3.3550725, 3.422764, 3.4081635, 3.4492755, 3.4061434999999998, 3.4497205, 3.466574, 3.463663, 3.4539685, 3.437879, 3.404437, 3.374384, 3.387931, 3.297059, 3.337912, 3.325112, 3.3657405000000002, 3.3279815, 3.407489, 3.305825, 3.26383, 3.3251365, 3.3754515, 3.3090615, 3.324916, 3.341195, 3.3497339999999998, 3.3584475, 3.361858, 3.409722, 3.4183335, 3.381119, 3.435294, 3.3882835, 3.3285125, 3.4468545, 3.381188, 3.44617, 3.4425885, 3.3701455, 3.473294, 3.433584, 3.4089595, 3.3914835, 3.400277, 3.4060405, 3.3316665, 3.41, 3.388545, 3.357798, 3.3714735, 3.341424, 3.3546715, 3.3644315000000002, 3.3588515, 3.380435, 3.3663695000000002, 3.3965085, 3.364179, 3.3863635, 3.392458, 3.3658535, 3.387863, 3.3835445, 3.362245, 3.3777175, 3.3760445, 3.3746595, 3.36409, 3.369512, 3.364, 3.3632075, 3.3584415, 3.37875, 3.2891245, 3.369464, 3.388298, 3.3746805, 3.366947, 3.37106, 3.4, 3.399464, 3.395652, 3.3718275, 3.3732225, 3.3825965, 3.38874, 3.3878505, 3.395466, 3.362963, 3.362353, 3.377672, 3.3844085, 3.406504]
plt.fill_between(x, y1, y2, facecolor="lightgray", alpha=0.5)
plt.fill_between(x2,y1, y2, facecolor="yellow", alpha=0.5)
plt.show()




import matplotlib.pyplot as plt
import numpy as np
x=np.arange(4)
x2=np.arange(3,100)
y=[2.589109,2.5874125, 2.606952, 2.554487,]
y0=[3.410891,3.4125875, 3.393048, 3.445513]
y1=[ 2.554487,2.523707, 2.5568515, 2.6449275, 2.577236, 2.5918365, 2.5507245, 2.5938565000000002, 2.5502795, 2.533426, 2.536337, 2.5460315, 2.562121, 2.595563, 2.625616, 2.612069, 2.702941, 2.662088, 2.674888, 2.6342594999999998, 2.6720185, 2.592511, 2.694175, 2.73617, 2.6748635, 2.6245485, 2.6909385, 2.675084, 2.658805, 2.6502660000000002, 2.6415525, 2.638142, 2.590278, 2.5816665, 2.618881, 2.564706, 2.6117165, 2.6714875, 2.5531455, 2.618812, 2.55383, 2.5574115, 2.6298545, 2.526706, 2.566416, 2.5910405, 2.6085165, 2.599723, 2.5939595, 2.6683335, 2.59, 2.611455, 2.642202, 2.6285265, 2.658576, 2.6453285, 2.6355684999999998, 2.6411485, 2.619565, 2.6336304999999998, 2.6034915, 2.635821, 2.6136365, 2.607542, 2.6341465, 2.612137, 2.6164555, 2.637755, 2.6222825, 2.6239555, 2.6253405, 2.63591, 2.630488, 2.636, 2.6367925, 2.6415585, 2.62125, 2.7108755, 2.630536, 2.611702, 2.6253195, 2.633053, 2.62894, 2.6, 2.600536, 2.604348, 2.6281725, 2.6267775, 2.6174035, 2.61126, 2.6121495, 2.604534, 2.637037, 2.637647, 2.622328, 2.6155915, 2.593496]
y2=[ 3.445513,3.476293, 3.4431485, 3.3550725, 3.422764, 3.4081635, 3.4492755, 3.4061434999999998, 3.4497205, 3.466574, 3.463663, 3.4539685, 3.437879, 3.404437, 3.374384, 3.387931, 3.297059, 3.337912, 3.325112, 3.3657405000000002, 3.3279815, 3.407489, 3.305825, 3.26383, 3.3251365, 3.3754515, 3.3090615, 3.324916, 3.341195, 3.3497339999999998, 3.3584475, 3.361858, 3.409722, 3.4183335, 3.381119, 3.435294, 3.3882835, 3.3285125, 3.4468545, 3.381188, 3.44617, 3.4425885, 3.3701455, 3.473294, 3.433584, 3.4089595, 3.3914835, 3.400277, 3.4060405, 3.3316665, 3.41, 3.388545, 3.357798, 3.3714735, 3.341424, 3.3546715, 3.3644315000000002, 3.3588515, 3.380435, 3.3663695000000002, 3.3965085, 3.364179, 3.3863635, 3.392458, 3.3658535, 3.387863, 3.3835445, 3.362245, 3.3777175, 3.3760445, 3.3746595, 3.36409, 3.369512, 3.364, 3.3632075, 3.3584415, 3.37875, 3.2891245, 3.369464, 3.388298, 3.3746805, 3.366947, 3.37106, 3.4, 3.399464, 3.395652, 3.3718275, 3.3732225, 3.3825965, 3.38874, 3.3878505, 3.395466, 3.362963, 3.362353, 3.377672, 3.3844085, 3.406504]
plt.fill_between(x, y, y0, facecolor="red", alpha=0.5)
plt.fill_between(x2,y1, y2, facecolor="green", alpha=0.5)
plt.show()



